0.02 0.02 0.02
0.04 0.02 0.02
0.06 0.02 0.02
0.08 0.02 0.02
0.1 0.02 0.02
0.12 0.02 0.02
0.14 0.02 0.02
0.16 0.02 0.02
0.18 0.02 0.02
0.2 0.02 0.02
0.22 0.02 0.02
0.24 0.02 0.02
0.26 0.02 0.02
0.28 0.02 0.02
0.3 0.02 0.02
0.32 0.02 0.02
0.34 0.02 0.02
0.36 0.02 0.02
0.38 0.02 0.02
0.4 0.02 0.02
0.42 0.02 0.02
0.44 0.02 0.02
0.46 0.02 0.02
0.48 0.02 0.02
0.5 0.02 0.02
0.02 0.036109 0.02
0.04 0.0361803 0.02
0.06 0.036139 0.02
0.08 0.0361324 0.02
0.1 0.0361312 0.02
0.12 0.0361315 0.02
0.14 0.0361371 0.02
0.16 0.0361688 0.02
0.18 0.0361772 0.02
0.2 0.0361789 0.02
0.22 0.0361793 0.02
0.24 0.0361793 0.02
0.26 0.0361793 0.02
0.28 0.0361793 0.02
0.3 0.0361793 0.02
0.32 0.0361793 0.02
0.34 0.0361793 0.02
0.36 0.0361793 0.02
0.38 0.0361793 0.02
0.4 0.0361794 0.02
0.42 0.0361796 0.02
0.44 0.0361812 0.02
0.46 0.036189 0.02
0.48 0.0362334 0.02
0.5 0.036176 0.02
0.02 0.0547806 0.02
0.04 0.05483 0.02
0.06 0.0548211 0.02
0.08 0.0548167 0.02
0.1 0.0548159 0.02
0.12 0.0548176 0.02
0.14 0.0548249 0.02
0.16 0.0548376 0.02
0.18 0.0548459 0.02
0.2 0.0548482 0.02
0.22 0.0548486 0.02
0.24 0.0548486 0.02
0.26 0.0548486 0.02
0.28 0.0548486 0.02
0.3 0.0548486 0.02
0.32 0.0548486 0.02
0.34 0.0548486 0.02
0.36 0.0548486 0.02
0.38 0.0548486 0.02
0.4 0.0548487 0.02
0.42 0.0548489 0.02
0.44 0.0548501 0.02
0.46 0.0548555 0.02
0.48 0.0548682 0.02
0.5 0.054817 0.02
0.02 0.0744365 0.02
0.04 0.0744534 0.02
0.06 0.0744521 0.02
0.08 0.0744509 0.02
0.1 0.0744507 0.02
0.12 0.0744516 0.02
0.14 0.0744536 0.02
0.16 0.0744493 0.02
0.18 0.0744508 0.02
0.2 0.0744517 0.02
0.22 0.0744519 0.02
0.24 0.0744519 0.02
0.26 0.0744519 0.02
0.28 0.0744519 0.02
0.3 0.0744519 0.02
0.32 0.0744519 0.02
0.34 0.0744519 0.02
0.36 0.0744519 0.02
0.38 0.0744519 0.02
0.4 0.074452 0.02
0.42 0.0744521 0.02
0.44 0.0744526 0.02
0.46 0.0744541 0.02
0.48 0.0744559 0.02
0.5 0.074434 0.02
0.02 0.0943498 0.02
0.04 0.0943547 0.02
0.06 0.0943547 0.02
0.08 0.0943545 0.02
0.1 0.0943544 0.02
0.12 0.0943546 0.02
0.14 0.0943547 0.02
0.16 0.0943547 0.02
0.18 0.0943548 0.02
0.2 0.094355 0.02
0.22 0.094355 0.02
0.24 0.094355 0.02
0.26 0.0943551 0.02
0.28 0.0943551 0.02
0.3 0.0943551 0.02
0.32 0.0943551 0.02
0.34 0.0943551 0.02
0.36 0.0943551 0.02
0.38 0.0943551 0.02
0.4 0.0943551 0.02
0.42 0.0943551 0.02
0.44 0.0943552 0.02
0.46 0.0943555 0.02
0.48 0.0943554 0.02
0.5 0.0943502 0.02
0.02 0.114334 0.02
0.04 0.114334 0.02
0.06 0.114335 0.02
0.08 0.114335 0.02
0.1 0.114335 0.02
0.12 0.114335 0.02
0.14 0.114335 0.02
0.16 0.114334 0.02
0.18 0.114334 0.02
0.2 0.114334 0.02
0.22 0.114334 0.02
0.24 0.114334 0.02
0.26 0.114334 0.02
0.28 0.114334 0.02
0.3 0.114334 0.02
0.32 0.114334 0.02
0.34 0.114334 0.02
0.36 0.114334 0.02
0.38 0.114334 0.02
0.4 0.114334 0.02
0.42 0.114335 0.02
0.44 0.114335 0.02
0.46 0.114335 0.02
0.48 0.114334 0.02
0.5 0.114333 0.02
0.02 0.134331 0.02
0.04 0.134331 0.02
0.06 0.134331 0.02
0.08 0.134331 0.02
0.1 0.134331 0.02
0.12 0.134331 0.02
0.14 0.134331 0.02
0.16 0.134331 0.02
0.18 0.134331 0.02
0.2 0.134331 0.02
0.22 0.134331 0.02
0.24 0.134331 0.02
0.26 0.134331 0.02
0.28 0.134331 0.02
0.3 0.134331 0.02
0.32 0.134331 0.02
0.34 0.134331 0.02
0.36 0.134331 0.02
0.38 0.134331 0.02
0.4 0.134331 0.02
0.42 0.134331 0.02
0.44 0.134331 0.02
0.46 0.134331 0.02
0.48 0.134331 0.02
0.5 0.134331 0.02
0.03 0.0269518 0.03
0.05 0.0269079 0.03
0.07 0.0268812 0.03
0.09 0.0268782 0.03
0.11 0.026878 0.03
0.13 0.0268773 0.03
0.15 0.0268971 0.03
0.17 0.026919 0.03
0.19 0.0269207 0.03
0.21 0.0269215 0.03
0.23 0.0269216 0.03
0.25 0.0269216 0.03
0.27 0.0269216 0.03
0.29 0.0269216 0.03
0.31 0.0269216 0.03
0.33 0.0269216 0.03
0.35 0.0269216 0.03
0.37 0.0269216 0.03
0.39 0.0269216 0.03
0.41 0.0269217 0.03
0.43 0.0269222 0.03
0.45 0.0269258 0.03
0.47 0.0269538 0.03
0.49 0.027009 0.03
0.03 0.0454688 0.03
0.05 0.0454391 0.03
0.07 0.0454311 0.03
0.09 0.0454281 0.03
0.11 0.045428 0.03
0.13 0.0454342 0.03
0.15 0.045471 0.03
0.17 0.0455124 0.03
0.19 0.0455222 0.03
0.21 0.0455234 0.03
0.23 0.0455236 0.03
0.25 0.0455236 0.03
0.27 0.0455236 0.03
0.29 0.0455236 0.03
0.31 0.0455236 0.03
0.33 0.0455236 0.03
0.35 0.0455236 0.03
0.37 0.0455236 0.03
0.39 0.0455236 0.03
0.41 0.0455238 0.03
0.43 0.0455245 0.03
0.45 0.0455282 0.03
0.47 0.0455405 0.03
0.49 0.0455864 0.03
0.03 0.0646166 0.03
0.05 0.0646185 0.03
0.07 0.0646146 0.03
0.09 0.0646132 0.03
0.11 0.0646137 0.03
0.13 0.0646164 0.03
0.15 0.0646147 0.03
0.17 0.0646123 0.03
0.19 0.0646145 0.03
0.21 0.0646152 0.03
0.23 0.0646153 0.03
0.25 0.0646153 0.03
0.27 0.0646153 0.03
0.29 0.0646153 0.03
0.31 0.0646153 0.03
0.33 0.0646153 0.03
0.35 0.0646153 0.03
0.37 0.0646153 0.03
0.39 0.0646154 0.03
0.41 0.0646154 0.03
0.43 0.0646158 0.03
0.45 0.0646175 0.03
0.47 0.0646226 0.03
0.49 0.0646207 0.03
0.03 0.0843892 0.03
0.05 0.0843912 0.03
0.07 0.0843905 0.03
0.09 0.0843902 0.03
0.11 0.0843903 0.03
0.13 0.0843914 0.03
0.15 0.084389 0.03
0.17 0.0843863 0.03
0.19 0.084387 0.03
0.21 0.0843872 0.03
0.23 0.0843873 0.03
0.25 0.0843873 0.03
0.27 0.0843873 0.03
0.29 0.0843873 0.03
0.31 0.0843873 0.03
0.33 0.0843873 0.03
0.35 0.0843873 0.03
0.37 0.0843873 0.03
0.39 0.0843873 0.03
0.41 0.0843873 0.03
0.43 0.0843875 0.03
0.45 0.084388 0.03
0.47 0.0843887 0.03
0.49 0.0843849 0.03
0.03 0.10434 0.03
0.05 0.104341 0.03
0.07 0.104341 0.03
0.09 0.104341 0.03
0.11 0.104341 0.03
0.13 0.104341 0.03
0.15 0.104341 0.03
0.17 0.104341 0.03
0.19 0.104341 0.03
0.21 0.104341 0.03
0.23 0.104341 0.03
0.25 0.104341 0.03
0.27 0.104341 0.03
0.29 0.104341 0.03
0.31 0.104341 0.03
0.33 0.104341 0.03
0.35 0.104341 0.03
0.37 0.104341 0.03
0.39 0.104341 0.03
0.41 0.104341 0.03
0.43 0.104341 0.03
0.45 0.104341 0.03
0.47 0.104341 0.03
0.49 0.10434 0.03
0.03 0.124332 0.03
0.05 0.124332 0.03
0.07 0.124332 0.03
0.09 0.124332 0.03
0.11 0.124332 0.03
0.13 0.124332 0.03
0.15 0.124332 0.03
0.17 0.124332 0.03
0.19 0.124332 0.03
0.21 0.124332 0.03
0.23 0.124332 0.03
0.25 0.124332 0.03
0.27 0.124332 0.03
0.29 0.124332 0.03
0.31 0.124332 0.03
0.33 0.124332 0.03
0.35 0.124332 0.03
0.37 0.124332 0.03
0.39 0.124332 0.03
0.41 0.124332 0.03
0.43 0.124332 0.03
0.45 0.124332 0.03
0.47 0.124332 0.03
0.49 0.124332 0.03
0.03 0.14433 0.03
0.05 0.14433 0.03
0.07 0.14433 0.03
0.09 0.14433 0.03
0.11 0.14433 0.03
0.13 0.14433 0.03
0.15 0.14433 0.03
0.17 0.14433 0.03
0.19 0.14433 0.03
0.21 0.14433 0.03
0.23 0.14433 0.03
0.25 0.14433 0.03
0.27 0.14433 0.03
0.29 0.14433 0.03
0.31 0.14433 0.03
0.33 0.14433 0.03
0.35 0.14433 0.03
0.37 0.14433 0.03
0.39 0.14433 0.03
0.41 0.14433 0.03
0.43 0.14433 0.03
0.45 0.14433 0.03
0.47 0.14433 0.03
0.49 0.14433 0.03
0.02 0.02 0.04
0.04 0.02 0.04
0.06 0.02 0.04
0.08 0.02 0.04
0.1 0.02 0.04
0.12 0.02 0.04
0.14 0.02 0.04
0.16 0.02 0.04
0.18 0.02 0.04
0.2 0.02 0.04
0.22 0.02 0.04
0.24 0.02 0.04
0.26 0.02 0.04
0.28 0.02 0.04
0.3 0.02 0.04
0.32 0.02 0.04
0.34 0.02 0.04
0.36 0.02 0.04
0.38 0.02 0.04
0.4 0.02 0.04
0.42 0.02 0.04
0.44 0.02 0.04
0.46 0.02 0.04
0.48 0.02 0.04
0.5 0.02 0.04
0.02 0.036103 0.04
0.04 0.0361737 0.04
0.06 0.0361337 0.04
0.08 0.0361271 0.04
0.1 0.0361259 0.04
0.12 0.0361252 0.04
0.14 0.0361568 0.04
0.16 0.0362273 0.04
0.18 0.0362675 0.04
0.2 0.0362701 0.04
0.22 0.0362704 0.04
0.24 0.0362705 0.04
0.26 0.0362705 0.04
0.28 0.0362705 0.04
0.3 0.0362705 0.04
0.32 0.0362705 0.04
0.34 0.0362705 0.04
0.36 0.0362705 0.04
0.38 0.0362705 0.04
0.4 0.0362705 0.04
0.42 0.0362708 0.04
0.44 0.0362723 0.04
0.46 0.0362804 0.04
0.48 0.036337 0.04
0.5 0.0362672 0.04
0.02 0.0548018 0.04
0.04 0.0548569 0.04
0.06 0.0548449 0.04
0.08 0.0548402 0.04
0.1 0.0548394 0.04
0.12 0.0548419 0.04
0.14 0.0548528 0.04
