0.0199481 0.02 0.0234075
0.0384028 0.02 0.0248692
0.060274 0.02 0.0254416
0.0799606 0.02 0.02552
0.100378 0.02 0.0254934
0.120332 0.02 0.0255316
0.140631 0.02 0.0261201
0.159801 0.02 0.0263286
0.180494 0.02 0.0262097
0.200365 0.02 0.0266801
0.220364 0.02 0.0266893
0.240256 0.02 0.0265419
0.260173 0.02 0.0264784
0.280121 0.02 0.0264206
0.300097 0.02 0.026382
0.320099 0.02 0.0263349
0.340162 0.02 0.0264543
0.360271 0.02 0.0264031
0.380562 0.02 0.0264302
0.400925 0.02 0.0262219
0.421964 0.02 0.0260222
0.443232 0.02 0.0256257
0.466248 0.02 0.0251546
0.490206 0.02 0.0244678
0.51722 0.02 0.0232608
0.0199482 0.02 0.0232497
0.037272 0.02 0.0246159
0.0603104 0.02 0.0253222
0.0799174 0.02 0.0254129
0.100423 0.02 0.025386
0.120332 0.02 0.0254982
0.141238 0.02 0.026038
0.16022 0.02 0.0263103
0.180558 0.02 0.0262098
0.200387 0.02 0.026551
0.220372 0.02 0.0265687
0.240258 0.02 0.0265416
0.260174 0.02 0.0264781
0.280121 0.02 0.0264203
0.300097 0.02 0.0263817
0.320099 0.02 0.0263346
0.340162 0.02 0.0264543
0.360271 0.02 0.0264031
0.380562 0.02 0.0264302
0.400927 0.02 0.0262219
0.42197 0.02 0.0261486
0.443257 0.02 0.0256241
0.466278 0.02 0.025101
0.490755 0.02 0.024491
0.517712 0.02 0.0232835
0.02 0.0198918 0.023314
0.0381425 0.02 0.0236426
0.0610505 0.02 0.0238285
0.0796996 0.02 0.0241466
0.100569 0.02 0.0239556
0.120053 0.02 0.0242567
0.141008 0.02 0.0242716
0.160908 0.02 0.0240356
0.180671 0.02 0.0246312
0.200312 0.02 0.0245535
0.220338 0.02 0.024652
0.24022 0.02 0.0246275
0.260167 0.02 0.0246231
0.280114 0.02 0.0246028
0.300102 0.02 0.0246041
0.320117 0.02 0.0245857
0.340197 0.02 0.0245957
0.360278 0.02 0.024611
0.38057 0.02 0.0245851
0.400994 0.02 0.0246016
0.421802 0.02 0.0245754
0.443539 0.02 0.0243257
0.46558 0.02 0.0245144
0.490969 0.02 0.0233617
0.518576 0.02 0.0231445
0.02 0.0276367 0.021276
0.0426263 0.0306754 0.02
0.060554 0.0294184 0.0200684
0.0804652 0.0309841 0.02
0.10028 0.0301233 0.0200099
0.120187 0.0302289 0.02
0.139639 0.0300941 0.0200061
0.160112 0.0307786 0.02
0.180204 0.0299762 0.0200581
0.200275 0.0303228 0.0200434
0.220244 0.0300769 0.0201094
0.24015 0.0302316 0.0200859
0.260151 0.0301973 0.0201099
0.280097 0.0302213 0.020101
0.300107 0.0302139 0.0201076
0.320138 0.030183 0.0201077
0.340205 0.030148 0.0201106
0.360341 0.0300245 0.0201175
0.380551 0.0299603 0.0201209
0.401116 0.0296957 0.0201344
0.421775 0.0292212 0.0201867
0.443419 0.0284574 0.0203571
0.465567 0.0260949 0.0208698
0.490332 0.0258849 0.02102
0.516689 0.0268588 0.0225458
0.02 0.0371242 0.023111
0.0378915 0.0420548 0.02
0.0601543 0.039643 0.020343
0.0796697 0.0418362 0.0204873
0.100184 0.0407303 0.0203374
0.119965 0.0408363 0.0203315
0.139963 0.040855 0.0203657
0.160135 0.04128 0.0203228
0.180203 0.0407419 0.0202235
0.200209 0.0410851 0.0202682
0.220221 0.0409021 0.0202325
0.240128 0.0410586 0.0202398
0.260125 0.0410357 0.0202412
0.280088 0.0410457 0.0202282
0.300092 0.0410391 0.0202269
0.320115 0.0409751 0.020206
0.340174 0.0409254 0.0201918
0.360283 0.0407458 0.0201536
0.380497 0.0406367 0.0201262
0.400886 0.0402661 0.0200468
0.421524 0.0397118 0.02
0.442592 0.0389953 0.02
0.464567 0.0366571 0.02
0.48784 0.036167 0.02
0.513417 0.0333767 0.0221269
0.02 0.0448024 0.0235117
0.0386786 0.0501322 0.0226209
0.0596236 0.0483711 0.0220076
0.0798686 0.0495379 0.0217726
0.0998941 0.0490835 0.0217178
0.119957 0.0491364 0.0217282
0.139976 0.0491286 0.0217493
0.160089 0.0491049 0.0215669
0.180177 0.0489493 0.0215632
0.200172 0.0490643 0.0215662
0.220162 0.0489817 0.0215371
0.240125 0.0490524 0.0215544
0.260099 0.0490346 0.0215525
0.28008 0.0490303 0.0215476
0.300078 0.0490137 0.0215561
0.320099 0.0489573 0.0215495
0.340146 0.0488898 0.0215587
0.360237 0.0487411 0.021556
0.380421 0.0485726 0.0215753
0.40072 0.0482193 0.021574
0.421227 0.0476938 0.0215757
0.441989 0.0472121 0.0216464
0.463212 0.045711 0.0214979
0.485245 0.0449728 0.0218791
0.509257 0.040722 0.0217417
0.02 0.0530726 0.0224713
0.0392038 0.0565904 0.0226041
0.0594756 0.056553 0.021986
0.0798542 0.0570771 0.0216237
0.0998471 0.0570775 0.021549
0.11996 0.0571412 0.0214688
0.139982 0.0571573 0.0214785
0.160067 0.0572454 0.0214846
0.180116 0.0570975 0.0214785
0.200132 0.0570687 0.0214722
0.220119 0.0570125 0.0214678
0.240102 0.0570044 0.0214711
0.260077 0.0569774 0.0214751
0.280066 0.0569584 0.0214781
0.300061 0.0569266 0.0214831
0.320075 0.0568797 0.0214847
0.34011 0.0568036 0.0214833
0.360181 0.0566861 0.0214823
0.380318 0.0565045 0.0214841
0.400541 0.0561818 0.0214789
0.420906 0.0556838 0.0214879
0.441499 0.0549783 0.0215463
0.462245 0.0538596 0.0215705
0.483534 0.0528143 0.0215505
0.505244 0.0500966 0.0213471
0.0269345 0.02 0.0439701
0.0488662 0.02 0.0450902
0.0693604 0.02 0.0449149
0.0900611 0.02 0.045384
0.110245 0.02 0.0451706
0.131178 0.02 0.0453107
0.150587 0.02 0.0449287
0.170588 0.02 0.0453733
0.190539 0.02 0.0454164
0.210518 0.02 0.0457621
0.23035 0.02 0.0457272
0.250279 0.02 0.0457675
0.270169 0.02 0.0457352
0.290129 0.02 0.0457357
0.310092 0.02 0.0457167
0.3301 0.02 0.0457279
0.350179 0.02 0.0457027
0.370365 0.02 0.0456347
0.390631 0.02 0.0455204
0.411368 0.02 0.0451829
0.43223 0.02 0.0448338
0.454738 0.02 0.0436777
0.477495 0.02 0.0423808
0.503653 0.02 0.0400103
0.02 0.0221856 0.0460151
0.048324 0.0212594 0.0511315
0.0689581 0.0200756 0.0514045
0.0900272 0.0202372 0.0513037
0.110267 0.02 0.0515123
0.130694 0.0202783 0.0519024
0.152264 0.0213363 0.0559119
0.171487 0.0208212 0.0556458
0.190847 0.020892 0.056102
0.210609 0.0207497 0.0560771
0.230431 0.0207872 0.0561874
0.250307 0.0207456 0.0561337
0.2702 0.0207246 0.056102
0.290144 0.0206972 0.0560457
0.310112 0.0206924 0.0560124
0.330118 0.0206976 0.0559659
0.350179 0.0207301 0.0559196
0.370359 0.0207487 0.0558315
0.390636 0.0206991 0.0555594
0.411342 0.0208144 0.0553269
0.43226 0.0205095 0.0543881
0.454794 0.0207111 0.0535797
0.478057 0.0202205 0.05142
0.510082 0.0212683 0.0450845
0.0232113 0.0312288 0.0460989
0.0479646 0.0311833 0.0482617
0.0689398 0.0312274 0.0496238
0.0899673 0.0308451 0.0489173
0.110142 0.0310724 0.0495749
0.130566 0.0310036 0.0491356
0.150669 0.0313109 0.050032
0.171031 0.0310159 0.0504785
0.190664 0.0309805 0.0509072
0.210525 0.0309476 0.051062
0.230372 0.0309604 0.0511855
0.250269 0.0309285 0.0511943
0.270181 0.0309185 0.0512165
0.290133 0.0308862 0.0512014
0.310118 0.0308591 0.0511892
0.330139 0.0308226 0.0511685
0.350218 0.0307555 0.0511078
0.370368 0.0306717 0.0510009
0.390718 0.0304588 0.0508078
0.4113 0.0301134 0.0505226
0.432374 0.0295189 0.0498531
0.45468 0.0283683 0.048927
0.477746 0.0272068 0.0470738
0.507474 0.0285776 0.0422419
0.024517 0.0362521 0.0426639
0.0492075 0.0372438 0.0452622
0.0684299 0.0377108 0.0443648
0.0901177 0.0375906 0.0449316
0.109925 0.037675 0.044526
0.129921 0.0377004 0.0444723
0.14997 0.0377767 0.0436641
0.170316 0.0372973 0.0434684
0.190365 0.037227 0.0437299
0.210402 0.0371572 0.0437915
0.230249 0.0371171 0.0438505
0.250209 0.0371048 0.0439117
0.270141 0.037083 0.0439132
0.290106 0.0370631 0.0439197
0.310111 0.0370322 0.0439111
0.330125 0.0369944 0.0438917
0.350219 0.0369303 0.0438621
0.370337 0.0368429 0.0437998
0.390647 0.0366766 0.0437176
0.41119 0.0364421 0.0436311
0.432023 0.0360189 0.0433203
0.454078 0.0353462 0.0431784
0.476531 0.0342651 0.0426934
0.503789 0.0344504 0.0397013
0.0257314 0.0418307 0.0392657
0.0491503 0.0437126 0.0405565
0.0689207 0.0445404 0.0404384
0.0899438 0.0445708 0.0402058
0.10986 0.0446725 0.0403763
0.13001 0.0446785 0.0403523
0.150131 0.0447422 0.0401229
0.170266 0.0445565 0.0400999
0.190258 0.0444804 0.0401703
0.210273 0.0444086 0.0403037
0.23019 0.0443579 0.0403335
0.250159 0.044335 0.0403635
0.270112 0.0443059 0.0403572
0.290091 0.0442855 0.0403421
0.310097 0.0442528 0.0403224
0.330119 0.0442057 0.0402869
0.350196 0.0441383 0.0402354
0.370318 0.04403 0.0401479
0.39057 0.0438639 0.0399929
0.411029 0.0436398 0.0397664
0.431724 0.0431395 0.0393471
0.453058 0.0426921 0.0387589
0.474961 0.0412986 0.0382997
0.499608 0.0400065 0.0362247
0.0277046 0.0495799 0.0355542
0.0492709 0.0513519 0.0353244
0.0693709 0.0527603 0.034889
0.0898528 0.0528213 0.0347014
0.109865 0.0530754 0.0346835
0.129965 0.0530744 0.0347063
0.150013 0.0530985 0.0347461
0.170157 0.0529478 0.0347756
0.190152 0.0528404 0.0347963
0.210165 0.0527972 0.0348452
0.230132 0.0527558 0.0348914
0.250112 0.0527243 0.0349064
0.270084 0.0526984 0.0349196
0.290075 0.0526606 0.0349132
0.310078 0.0526152 0.034901
0.330105 0.0525483 0.0348769
0.350165 0.0524489 0.0348316
0.370278 0.0522933 0.0347719
0.390483 0.0520358 0.0346483
0.410831 0.0516575 0.0344445
0.431389 0.0509984 0.0342336
0.452224 0.0500118 0.0336344
0.473431 0.0487021 0.0334876
0.495976 0.0472155 0.0333119
0.0289807 0.0598715 0.032838
0.0493956 0.0612224 0.032764
0.0696137 0.0621453 0.032434
0.0898438 0.062385 0.0323211
0.109913 0.0625699 0.03227
0.129979 0.0626066 0.0322706
0.150041 0.0626069 0.0322779
0.170098 0.0625011 0.0322858
0.19012 0.0624165 0.0322875
0.210114 0.062359 0.0322914
0.230099 0.0623177 0.0322971
0.250079 0.0622811 0.0323023
0.270062 0.0622525 0.0323028
0.290055 0.0622137 0.0323026
0.310057 0.0621687 0.0322993
0.330076 0.0621059 0.0322907
0.350118 0.0620112 0.032277
0.370203 0.0618625 0.0322564
0.390351 0.0616102 0.0322195
0.410592 0.0612184 0.0321546
0.431 0.0605871 0.0320666
0.451536 0.0595418 0.0319593
0.472258 0.0584676 0.0318434
0.493308 0.0571914 0.0316981
0.0199751 0.02 0.060114
0.0376679 0.02 0.0624314
0.0584508 0.02 0.0648801
0.0796826 0.02 0.0656808
0.100015 0.02 0.0658975
0.120616 0.02 0.0662143
0.141394 0.02 0.0653894
0.161169 0.02 0.0645995
0.180748 0.02 0.0646192
0.200752 0.02 0.0648414
0.220552 0.02 0.0648465
0.2404 0.02 0.0648074
0.260266 0.02 0.0647219
0.28018 0.02 0.0646556
0.30012 0.02 0.0645947
0.320102 0.02 0.064563
0.340101 0.02 0.0645483
0.360216 0.02 0.0644991
0.380454 0.02 0.064304
0.400745 0.02 0.0640768
0.421832 0.02 0.0632891
0.442647 0.02 0.0623847
0.466296 0.02 0.0600329
0.48967 0.02 0.056798
0.516622 0.02 0.052864
0.0199873 0.02 0.061733
0.0369847 0.02 0.0647407
0.0584953 0.02 0.0678859
0.0795804 0.02 0.068678
0.100105 0.02 0.0689078
0.120652 0.02 0.0692018
0.141928 0.02 0.0682055
0.161706 0.02 0.0669461
0.180882 0.02 0.0665539
0.200792 0.02 0.0667482
0.220573 0.02 0.0667346
0.240402 0.02 0.0666767
0.260268 0.02 0.0665846
0.280178 0.02 0.0665094
0.300119 0.02 0.0664454
0.320099 0.02 0.0664087
0.340099 0.02 0.0663908
0.36021 0.02 0.0663419
0.380437 0.02 0.0661488
0.400746 0.02 0.0659172
0.42177 0.02 0.0651424
0.442695 0.02 0.06421
0.466196 0.02 0.0619002
0.490339 0.02 0.0581254
0.517309 0.02 0.0534748
0.02 0.0262729 0.0631776
0.0356633 0.0284496 0.0668162
0.0583436 0.0293162 0.0717659
0.0795415 0.0295136 0.0726082
0.100108 0.0295181 0.0727946
0.120527 0.0294288 0.0732549
0.141891 0.0288255 0.0728348
