0.0199949 0.02 0.106283
0.0460585 0.02 0.105943
0.0578176 0.02 0.121071
0.0831108 0.02 0.120151
0.0984146 0.02 0.118592
0.121057 0.02 0.119709
0.13624 0.02 0.112614
0.156835 0.02 0.108998
0.178745 0.02 0.11056
0.203116 0.02 0.120385
0.224195 0.02 0.119178
0.240494 0.02 0.1121
0.263134 0.02 0.113928
0.286015 0.02 0.116445
0.309768 0.02 0.117357
0.333266 0.02 0.118218
0.352506 0.02 0.107925
0.376576 0.02 0.107832
0.403685 0.02 0.10631
0.431646 0.02 0.104704
0.467146 0.02 0.0976317
0.490332 0.02 0.100895
0.533561 0.02 0.105718
0.561342 0.02 0.0853281
0.604008 0.02 0.0886364
0.0199811 0.02 0.0850927
0.0333861 0.02 0.114906
0.0618835 0.02 0.105859
0.0789968 0.02 0.103909
0.102852 0.02 0.105387
0.121534 0.02 0.102345
0.145378 0.02 0.108541
0.166904 0.02 0.109071
0.187954 0.02 0.111294
0.20533 0.02 0.101907
0.224634 0.02 0.104623
0.249959 0.02 0.107894
0.272893 0.02 0.107464
0.293124 0.02 0.103925
0.314264 0.02 0.103666
0.334368 0.02 0.102484
0.362152 0.02 0.109095
0.388983 0.02 0.1061
0.415923 0.02 0.105584
0.444544 0.02 0.103378
0.466044 0.02 0.112043
0.504038 0.02 0.0978594
0.534946 0.02 0.0827268
0.574081 0.02 0.101793
0.604534 0.02 0.0886945
0.0199937 0.02 0.0971546
0.0436429 0.02 0.0777929
0.0653021 0.02 0.0819031
0.080434 0.02 0.0824455
0.100606 0.02 0.0879459
0.11961 0.02 0.0801
0.142954 0.02 0.0876738
0.164504 0.02 0.0835982
0.1846 0.02 0.0889408
0.203583 0.02 0.0793563
0.22509 0.02 0.0865998
0.245152 0.02 0.0875469
0.265786 0.02 0.0893351
0.288082 0.02 0.0831657
0.310499 0.02 0.0873013
0.334516 0.02 0.0816961
0.358477 0.02 0.0890784
0.384174 0.02 0.0858293
0.41042 0.02 0.0872128
0.438137 0.02 0.0855543
0.464492 0.02 0.0814497
0.49768 0.02 0.0842231
0.525169 0.02 0.0843082
0.570448 0.02 0.0791186
0.605466 0.02 0.0885698
0.0199821 0.02 0.0810251
0.0435344 0.02 0.0796895
0.0579362 0.02 0.0736375
0.081659 0.02 0.07532
0.0992703 0.02 0.0707116
0.121437 0.02 0.0731534
0.138557 0.02 0.07159
0.161632 0.02 0.0744791
0.181482 0.02 0.0692766
0.203871 0.02 0.0735463
0.224167 0.02 0.0706621
0.245782 0.02 0.0731704
0.268522 0.02 0.0726457
0.288917 0.02 0.0764171
0.312299 0.02 0.0735923
0.334718 0.02 0.076509
0.35915 0.02 0.0749274
0.384384 0.02 0.0801659
0.409949 0.02 0.0788047
0.437954 0.02 0.0796268
0.46521 0.02 0.0769726
0.496945 0.02 0.0788978
0.530839 0.02 0.0769567
0.568283 0.02 0.0760472
0.603514 0.02 0.0875932
0.0199941 0.02 0.0807191
0.0368778 0.02 0.0783013
0.0576054 0.02 0.0760089
0.0798674 0.02 0.0763123
0.100106 0.02 0.0723035
0.121137 0.02 0.0745662
0.140193 0.02 0.0729597
0.162101 0.02 0.0753606
0.181981 0.02 0.0723204
0.203694 0.02 0.0746178
0.224308 0.02 0.0721588
0.245869 0.02 0.0756246
0.268325 0.02 0.0743766
0.289085 0.02 0.0773912
0.312507 0.02 0.0749563
0.334838 0.02 0.0781259
0.358811 0.02 0.0774171
0.384174 0.02 0.080445
0.409703 0.02 0.079274
0.437623 0.02 0.08025
0.46473 0.02 0.0784831
0.495216 0.02 0.0784
0.529807 0.02 0.0775118
0.563412 0.02 0.0772071
0.599706 0.02 0.0862688
0.0199997 0.02 0.102525
0.0381235 0.0225991 0.0894165
0.0586722 0.02 0.0877729
0.0800683 0.02 0.0889175
0.100235 0.02 0.0864122
0.120943 0.02 0.0855373
0.141097 0.02 0.0853931
0.161602 0.02 0.0845567
0.182263 0.02 0.0846441
0.203258 0.02 0.0842456
0.224794 0.02 0.0837349
0.245852 0.02 0.0855253
0.267484 0.02 0.0855443
0.289464 0.02 0.0852867
0.312163 0.02 0.0858959
0.335023 0.02 0.0861803
0.358585 0.02 0.0872256
0.383592 0.02 0.0863424
0.409553 0.02 0.0862838
0.437296 0.02 0.0851609
0.464164 0.02 0.0849367
0.493702 0.02 0.084382
0.52625 0.02 0.0821837
0.557993 0.02 0.0829608
0.594312 0.02 0.0852101
0.0199954 0.02 0.0938653
0.0379987 0.02 0.101201
0.0589846 0.02 0.0977994
0.079716 0.02 0.0957203
0.100232 0.02 0.0929258
0.120637 0.02 0.0932526
0.141248 0.02 0.0909262
0.162045 0.02 0.0913858
0.182327 0.02 0.0895911
0.203309 0.02 0.0912585
0.224655 0.02 0.0906595
0.245661 0.02 0.0902847
0.267178 0.02 0.0907623
0.289037 0.02 0.0922587
0.311872 0.02 0.0914742
0.334606 0.02 0.091532
0.358366 0.02 0.0908516
0.383068 0.02 0.0914761
0.409052 0.02 0.090682
0.436378 0.02 0.0895685
0.463398 0.02 0.0873052
0.492567 0.02 0.0865571
0.5238 0.02 0.0859407
0.555518 0.02 0.0838841
0.588441 0.02 0.0841516
0.0284486 0.02 0.144786
0.0490917 0.02 0.14714
0.0693069 0.02 0.147536
0.0902773 0.02 0.148246
0.110682 0.02 0.147602
0.132109 0.02 0.147772
0.15186 0.02 0.146796
0.172216 0.02 0.146565
0.192767 0.02 0.146573
0.213615 0.02 0.146962
0.234441 0.02 0.146305
0.255591 0.02 0.145675
0.277071 0.02 0.145149
0.299021 0.02 0.144273
0.321438 0.02 0.143321
0.344811 0.02 0.14203
0.368859 0.02 0.14043
0.394309 0.02 0.138607
0.420901 0.02 0.135922
0.449424 0.02 0.1324
0.478674 0.02 0.128763
0.512412 0.02 0.123477
0.546142 0.02 0.118438
0.587964 0.02 0.11035
0.0200478 0.02 0.147445
0.0479215 0.02 0.156634
0.0686834 0.02 0.157838
0.0901267 0.02 0.158269
0.110719 0.02 0.158105
0.131588 0.02 0.158381
0.153375 0.02 0.162435
0.172969 0.02 0.161531
0.192959 0.02 0.161831
0.21354 0.02 0.161626
0.234339 0.02 0.16116
0.255376 0.02 0.160417
0.27677 0.02 0.159771
0.298639 0.02 0.158898
0.321138 0.02 0.157823
0.344434 0.02 0.156115
0.368486 0.02 0.153933
0.393674 0.02 0.151479
0.420055 0.02 0.148448
0.448233 0.02 0.145014
0.477511 0.02 0.140575
0.511368 0.02 0.135316
0.545673 0.02 0.129331
0.595698 0.02 0.115812
0.0200818 0.02 0.146929
0.046242 0.02 0.152524
0.0688512 0.02 0.156161
0.0898223 0.02 0.1558
0.110678 0.02 0.156088
0.131618 0.02 0.155158
0.152013 0.02 0.154253
0.17247 0.02 0.154506
0.192818 0.02 0.155006
0.213494 0.02 0.155199
0.234437 0.02 0.1546
0.25543 0.02 0.153717
0.276838 0.02 0.153342
0.298742 0.02 0.152476
0.321313 0.02 0.151562
0.344707 0.02 0.149847
0.368815 0.02 0.147617
0.394012 0.02 0.145187
0.420577 0.02 0.142288
0.448695 0.02 0.138894
0.478211 0.02 0.134899
0.511739 0.02 0.12979
0.545792 0.02 0.124279
0.593017 0.02 0.112569
0.0211485 0.02 0.138201
0.0486352 0.02 0.143321
0.0683539 0.02 0.142461
0.0901498 0.02 0.143604
0.110365 0.02 0.142328
0.130807 0.02 0.142714
0.15143 0.02 0.140415
0.171924 0.02 0.139741
0.192637 0.02 0.140243
0.21359 0.02 0.140346
0.234642 0.02 0.139775
0.25571 0.02 0.139001
0.277194 0.02 0.138808
0.299248 0.02 0.137978
0.321686 0.02 0.137218
0.345276 0.02 0.135962
0.369223 0.02 0.1346
0.394697 0.02 0.133152
0.42122 0.02 0.130952
0.449541 0.02 0.128214
0.478589 0.02 0.125329
0.511714 0.02 0.121813
0.544667 0.02 0.118025
0.588328 0.02 0.110301
0.0233889 0.02 0.131644
0.0477591 0.02 0.133353
0.0686492 0.02 0.131542
0.0898401 0.02 0.131856
0.110038 0.02 0.131221
0.130877 0.02 0.131711
0.151474 0.02 0.131314
0.1722 0.02 0.130821
0.192674 0.02 0.130457
0.213684 0.02 0.129964
0.234674 0.02 0.13001
0.255947 0.02 0.129996
0.277455 0.02 0.12929
0.299662 0.02 0.128594
0.321935 0.02 0.127683
0.345557 0.02 0.127097
0.369382 0.02 0.126321
0.395167 0.02 0.12521
0.42158 0.02 0.12318
0.449798 0.02 0.120381
0.478706 0.02 0.117882
0.510746 0.02 0.11409
0.542552 0.02 0.110584
0.581475 0.02 0.105559
0.0258088 0.02 0.124674
0.0483758 0.02 0.123069
0.06891 0.02 0.121497
0.0897942 0.02 0.119809
0.109942 0.02 0.119643
0.130245 0.02 0.119148
0.151137 0.02 0.119452
0.172417 0.02 0.118805
0.193084 0.02 0.118539
0.213741 0.02 0.117629
0.234548 0.02 0.117979
0.256243 0.02 0.118545
0.27786 0.02 0.117997
0.299974 0.02 0.117497
0.322224 0.02 0.116865
0.345577 0.02 0.116425
0.3697 0.02 0.115769
0.395502 0.02 0.114679
0.421886 0.02 0.112898
0.449669 0.02 0.110584
0.478683 0.02 0.108506
0.509732 0.02 0.104828
0.540787 0.02 0.101706
0.57547 0.02 0.099246
0.0270719 0.02 0.118918
0.0485974 0.02 0.117874
0.0688556 0.02 0.115878
0.0899386 0.02 0.114035
0.109951 0.02 0.113113
0.130428 0.02 0.111764
0.15122 0.02 0.112181
0.172389 0.02 0.111024
0.193026 0.02 0.110196
0.213774 0.02 0.110504
0.234616 0.02 0.110246
0.256268 0.02 0.110536
0.278077 0.02 0.110505
0.300083 0.02 0.110999
0.322394 0.02 0.110696
0.345662 0.02 0.110014
0.369944 0.02 0.10962
0.395468 0.02 0.108759
0.421822 0.02 0.107401
0.449327 0.02 0.105468
0.477983 0.02 0.103631
0.508065 0.02 0.101365
0.53885 0.02 0.0991349
0.570914 0.02 0.0968703
0.0202476 0.02 0.165829
0.0366832 0.02 0.169403
0.0579518 0.02 0.173809
0.0794182 0.02 0.175775
0.100196 0.02 0.176315
0.121085 0.02 0.176356
0.142264 0.02 0.174615
0.162244 0.02 0.172732
0.182465 0.02 0.172141
0.20317 0.02 0.17209
0.223876 0.02 0.171747
0.244753 0.02 0.17114
0.265932 0.02 0.170448
0.287512 0.02 0.169662
0.309582 0.02 0.168664
0.332401 0.02 0.167288
0.355949 0.02 0.165384
0.380482 0.02 0.163089
0.406253 0.02 0.160265
0.433173 0.02 0.156978
0.462392 0.02 0.152529
0.492144 0.02 0.147792
0.528373 0.02 0.140339
0.562493 0.02 0.133254
0.603108 0.02 0.12445
0.0202487 0.02 0.167577
0.0360512 0.02 0.171906
0.0579701 0.02 0.177045
0.0793201 0.02 0.179021
0.100256 0.02 0.179616
0.121108 0.02 0.179667
0.142748 0.02 0.177763
0.162786 0.02 0.175381
0.182585 0.02 0.174297
0.203205 0.02 0.174199
0.223879 0.02 0.173833
0.244736 0.02 0.173226
0.26591 0.02 0.172527
0.287476 0.02 0.171726
0.309547 0.02 0.170718
0.332346 0.02 0.169335
0.355884 0.02 0.167433
0.380404 0.02 0.165137
0.406143 0.02 0.162326
0.433057 0.02 0.159049
0.462179 0.02 0.154639
0.491974 0.02 0.149858
0.527996 0.02 0.142419
0.563259 0.02 0.134629
0.603888 0.02 0.125108
0.0202698 0.02 0.169084
0.0346616 0.02 0.174062
0.0577679 0.02 0.181423
0.0792761 0.02 0.183457
0.100233 0.02 0.18403
0.12096 0.02 0.184287
0.142638 0.02 0.183094
