0.02 0.0199785 0.0953247
0.0458245 0.02 0.0948988
0.0576903 0.02 0.109862
0.0829422 0.02 0.109062
0.0982162 0.02 0.107586
0.120803 0.02 0.108737
0.135913 0.02 0.101818
0.156401 0.02 0.0983191
0.178188 0.02 0.0998935
0.202391 0.02 0.10961
0.223274 0.02 0.108469
0.239389 0.02 0.101517
0.261744 0.02 0.103356
0.284289 0.02 0.105879
0.307623 0.02 0.106841
0.330657 0.02 0.10776
0.349449 0.02 0.0976115
0.372949 0.02 0.0976105
0.399379 0.02 0.0962101
0.42661 0.02 0.0947416
0.461185 0.02 0.0878651
0.483721 0.02 0.0912607
0.525805 0.02 0.0963328
0.552718 0.02 0.076158
0.594797 0.02 0.079602
0.0199982 0.02 0.0746783
0.033351 0.02 0.103686
0.0616412 0.02 0.0949975
0.0787642 0.02 0.0931617
0.102606 0.02 0.0946564
0.121232 0.02 0.091722
0.144999 0.02 0.0978404
0.166413 0.02 0.0984127
0.187331 0.02 0.100629
0.204556 0.02 0.0914135
0.223681 0.02 0.0941134
0.248726 0.02 0.0973779
0.271344 0.02 0.096977
0.291249 0.02 0.0935027
0.311995 0.02 0.0932837
0.331699 0.02 0.0921561
0.358874 0.02 0.0988081
0.385033 0.02 0.0959396
0.41129 0.02 0.0955441
0.439147 0.02 0.0934889
0.460149 0.02 0.10223
0.497008 0.02 0.0883209
0.527011 0.02 0.0733974
0.565173 0.02 0.092686
0.59532 0.02 0.0796609
0.0199984 0.02 0.0864041
0.0432384 0.02 0.06788
0.0649463 0.02 0.0716456
0.0801294 0.02 0.0721682
0.100314 0.02 0.0775695
0.119273 0.02 0.0698366
0.142545 0.02 0.0773162
0.163986 0.02 0.0732974
0.183969 0.02 0.0785981
0.202794 0.02 0.0691052
0.224117 0.02 0.076292
0.243957 0.02 0.0772289
0.264314 0.02 0.0790071
0.286267 0.02 0.0728854
0.308282 0.02 0.077019
0.331834 0.02 0.0714702
0.355265 0.02 0.0788764
0.380338 0.02 0.0757133
0.405925 0.02 0.0771932
0.432884 0.02 0.0756682
0.458591 0.02 0.0716901
0.490819 0.02 0.0746581
0.51754 0.02 0.0749098
0.561624 0.02 0.0699958
0.596246 0.02 0.0795376
0.0199926 0.02 0.0707114
0.0431034 0.02 0.0697567
0.057524 0.02 0.0635444
0.0813494 0.02 0.0651116
0.0989664 0.02 0.0605177
0.12109 0.02 0.0629405
0.138145 0.02 0.0613861
0.161115 0.02 0.0642536
0.180851 0.02 0.0590744
0.203081 0.02 0.0633232
0.223197 0.02 0.060444
0.244578 0.02 0.0629338
0.267017 0.02 0.0624027
0.287091 0.02 0.0661643
0.310051 0.02 0.0633604
0.332034 0.02 0.0662972
0.355936 0.02 0.0647651
0.380541 0.02 0.0700631
0.40546 0.02 0.0687968
0.432689 0.02 0.0697491
0.459284 0.02 0.0672224
0.490098 0.02 0.0693326
0.522992 0.02 0.0676091
0.559493 0.02 0.0669167
0.594305 0.02 0.0785583
0.0199986 0.02 0.0704113
0.0367354 0.02 0.0684102
0.0571764 0.02 0.0658873
0.0795583 0.02 0.0660944
0.0998019 0.02 0.0620972
0.120792 0.02 0.0643452
0.139777 0.02 0.0627479
0.161584 0.02 0.06513
0.181348 0.02 0.0621086
0.202905 0.02 0.0643916
0.223337 0.02 0.0619346
0.244664 0.02 0.0653807
0.266821 0.02 0.064129
0.287258 0.02 0.0671348
0.310256 0.02 0.0647212
0.332151 0.02 0.0679096
0.355601 0.02 0.0672476
0.380337 0.02 0.0703409
0.405222 0.02 0.0692642
0.43237 0.02 0.0703697
0.458819 0.02 0.0687282
0.488437 0.02 0.0688206
0.521997 0.02 0.0681559
0.554721 0.02 0.0680537
0.590523 0.02 0.0772281
0.0199785 0.02 0.0916504
0.0378358 0.024888 0.0786387
0.0582228 0.0213613 0.0774116
0.079778 0.0218219 0.0785007
0.0999403 0.02 0.076058
0.120608 0.0212452 0.0752026
0.14069 0.02 0.0750643
0.161096 0.02 0.0742463
0.181637 0.02 0.0743418
0.202475 0.02 0.0739625
0.223822 0.02 0.0734518
0.24465 0.02 0.0752216
0.265992 0.02 0.075242
0.287632 0.02 0.0749953
0.30992 0.02 0.0756212
0.332331 0.02 0.075938
0.355373 0.02 0.0770287
0.37977 0.02 0.0762235
0.405078 0.02 0.076262
0.432065 0.02 0.075271
0.458275 0.02 0.0751718
0.486986 0.02 0.0747865
0.518581 0.02 0.0727949
0.549466 0.02 0.0737685
0.585175 0.02 0.0761588
0.0199783 0.02 0.0831999
0.0378805 0.0227769 0.090123
0.0586241 0.0216066 0.0871474
0.0794483 0.0225302 0.0851645
0.0999506 0.0220288 0.0824657
0.120316 0.0217325 0.0828024
0.140848 0.0215727 0.0805285
0.161548 0.0211551 0.0809937
0.181707 0.0211333 0.0792394
0.202534 0.0206454 0.0809034
0.223685 0.0213485 0.080319
0.244461 0.0204547 0.0799468
0.265691 0.0211223 0.0804253
0.287215 0.0204085 0.0819267
0.309637 0.020649 0.0811741
0.331919 0.0201948 0.0812684
0.355154 0.020066 0.080645
0.379262 0.0201892 0.0813441
0.404593 0.02 0.0806513
0.431182 0.02 0.0796678
0.457533 0.02 0.0775334
0.485885 0.02 0.0769531
0.516214 0.02 0.0765323
0.547064 0.02 0.0746743
0.579373 0.02 0.0750844
0.0284491 0.02 0.13313
0.0490639 0.02 0.135491
0.0692451 0.02 0.135923
0.0901753 0.02 0.13667
0.110527 0.02 0.136088
0.131881 0.02 0.136314
0.151539 0.02 0.135413
0.171773 0.02 0.135266
0.192172 0.02 0.135365
0.21284 0.02 0.135831
0.233453 0.02 0.135249
0.254345 0.02 0.134694
0.275522 0.02 0.134251
0.29711 0.02 0.133468
0.319103 0.02 0.132617
0.341984 0.02 0.131438
0.365476 0.02 0.129968
0.390304 0.02 0.128292
0.416234 0.02 0.125769
0.444001 0.02 0.122432
0.472563 0.02 0.118962
0.505203 0.02 0.113947
0.538178 0.02 0.109089
0.578807 0.02 0.101301
0.0200572 0.02 0.135747
0.0479099 0.02 0.144875
0.0686415 0.02 0.14609
0.0900434 0.02 0.146556
0.110583 0.02 0.146448
0.131378 0.02 0.146789
0.153069 0.02 0.150899
0.172538 0.02 0.150103
0.19238 0.02 0.150492
0.21278 0.02 0.150374
0.233366 0.02 0.149994
0.254149 0.02 0.149338
0.275242 0.02 0.14878
0.296755 0.02 0.148005
0.318834 0.02 0.147039
0.341641 0.02 0.145457
0.365143 0.02 0.143416
0.389722 0.02 0.141116
0.415453 0.02 0.13825
0.44291 0.02 0.134999
0.471491 0.02 0.130737
0.504294 0.02 0.125742
0.537774 0.02 0.119962
0.58646 0.02 0.106782
0.020091 0.02 0.135236
0.0462276 0.02 0.140804
0.0688068 0.02 0.144429
0.0897364 0.02 0.144109
0.110539 0.02 0.14445
0.131405 0.02 0.143597
0.151704 0.02 0.142786
0.172035 0.02 0.143132
0.192234 0.02 0.143715
0.21273 0.02 0.143989
0.233458 0.02 0.143474
0.254196 0.02 0.142676
0.275305 0.02 0.142384
0.29685 0.02 0.141612
0.318997 0.02 0.140804
0.341897 0.02 0.139214
0.365452 0.02 0.137121
0.390036 0.02 0.134843
0.415944 0.02 0.132109
0.443329 0.02 0.128898
0.472155 0.02 0.125076
0.50461 0.02 0.120235
0.537876 0.02 0.114916
0.583805 0.02 0.103534
0.0211512 0.02 0.126617
0.0486012 0.02 0.131727
0.0682817 0.02 0.130922
0.0900374 0.02 0.132105
0.110199 0.02 0.130901
0.130573 0.02 0.131339
0.151097 0.02 0.129146
0.171468 0.02 0.128565
0.192032 0.02 0.129134
0.212805 0.02 0.129304
0.23364 0.02 0.128805
0.254451 0.02 0.128106
0.275632 0.02 0.127983
0.29732 0.02 0.127234
0.319333 0.02 0.126566
0.342417 0.02 0.12542
0.365815 0.02 0.12418
0.390663 0.02 0.122871
0.416525 0.02 0.120824
0.444091 0.02 0.118264
0.472461 0.02 0.115539
0.50452 0.02 0.112281
0.536734 0.02 0.108668
0.579165 0.02 0.101253
0.0233846 0.02 0.120177
0.0477035 0.02 0.121898
0.0685453 0.02 0.120176
0.0896989 0.02 0.120552
0.109848 0.02 0.119991
0.130617 0.02 0.120533
0.15112 0.02 0.120215
0.171721 0.02 0.119804
0.19205 0.02 0.119508
0.212878 0.02 0.119082
0.233655 0.02 0.119182
0.254669 0.02 0.11922
0.275871 0.02 0.118574
0.297708 0.02 0.117947
0.319558 0.02 0.117113
0.342675 0.02 0.116622
0.365951 0.02 0.115955
0.391097 0.02 0.114976
0.416848 0.02 0.113091
0.444311 0.02 0.110461
0.472528 0.02 0.10812
0.503558 0.02 0.104567
0.534596 0.02 0.10124
0.572403 0.02 0.0964905
0.0257965 0.02 0.113329
0.0482867 0.02 0.111773
0.0687647 0.02 0.110325
0.0896158 0.02 0.108747
0.10972 0.02 0.108645
0.129956 0.02 0.108214
0.150757 0.02 0.108565
0.171914 0.02 0.107984
0.192436 0.02 0.107772
0.212915 0.02 0.106918
0.233512 0.02 0.107309
0.254943 0.02 0.107908
0.276255 0.02 0.107404
0.297995 0.02 0.106956
0.319822 0.02 0.106389
0.342668 0.02 0.106031
0.366241 0.02 0.105474
0.391404 0.02 0.104505
0.41712 0.02 0.102857
0.444168 0.02 0.100697
0.472449 0.02 0.0987769
0.502567 0.02 0.0953127
0.532819 0.02 0.0923737
0.566503 0.02 0.0901544
0.0270586 0.02 0.107664
0.0484798 0.02 0.106658
0.0686855 0.02 0.104816
0.0897398 0.02 0.103093
0.109713 0.02 0.102243
0.13012 0.02 0.100971
0.150822 0.02 0.101431
0.171869 0.02 0.100338
0.192366 0.02 0.0995556
0.212937 0.02 0.0998937
0.23357 0.02 0.0996755
0.25496 0.02 0.0999919
0.27646 0.02 0.0999903
0.298095 0.02 0.100518
0.319981 0.02 0.100271
0.342744 0.02 0.0996661
0.366463 0.02 0.0993648
0.391363 0.02 0.0986163
0.41704 0.02 0.0973846
0.443821 0.02 0.0955962
0.471736 0.02 0.0939141
0.500935 0.02 0.0918452
0.53092 0.02 0.0897956
0.562059 0.02 0.0877521
0.020266 0.02 0.154002
0.0366915 0.02 0.15756
0.0579381 0.02 0.161943
0.0793737 0.02 0.163905
0.100107 0.02 0.164476
0.120936 0.02 0.164574
0.142035 0.02 0.162926
0.161903 0.02 0.161163
0.181977 0.02 0.160695
0.202515 0.02 0.160742
0.223026 0.02 0.160487
0.243673 0.02 0.159968
0.264577 0.02 0.159367
0.285832 0.02 0.158676
0.307514 0.02 0.157786
0.329878 0.02 0.156532
0.352905 0.02 0.154766
0.376853 0.02 0.152623
0.401988 0.02 0.149965
0.428242 0.02 0.146852
0.456719 0.02 0.142595
0.485786 0.02 0.138032
0.520849 0.02 0.130876
0.554363 0.02 0.123939
0.593787 0.02 0.115439
0.0202679 0.02 0.15574
0.0360611 0.02 0.160052
0.0579581 0.02 0.16516
0.0792778 0.02 0.167134
0.10017 0.02 0.167758
0.120962 0.02 0.167867
0.142521 0.02 0.166056
0.162447 0.02 0.163796
0.182099 0.02 0.162838
0.20255 0.02 0.162841
0.223031 0.02 0.162564
0.243658 0.02 0.162045
0.264558 0.02 0.161437
0.285799 0.02 0.160733
0.307483 0.02 0.159833
0.329828 0.02 0.158572
0.352845 0.02 0.156809
0.376783 0.02 0.154666
0.401888 0.02 0.152022
0.428138 0.02 0.148917
0.456521 0.02 0.144699
0.48564 0.02 0.140091
0.520494 0.02 0.132949
0.555128 0.02 0.125313
0.594563 0.02 0.116098
0.0202896 0.02 0.157241
0.034673 0.02 0.162199
0.0577578 0.02 0.169517
0.079236 0.02 0.171551
0.100149 0.02 0.172153
0.120818 0.02 0.172465
0.14242 0.02 0.171357
