0.0199647 0.02 0.0588769
0.0458605 0.02 0.0585529
0.0579867 0.02 0.0711527
0.08329 0.02 0.070803
0.098402 0.02 0.0698465
0.121113 0.02 0.0710058
0.135718 0.02 0.0658252
0.156054 0.02 0.0632012
0.176643 0.02 0.0643789
0.200426 0.02 0.0724902
0.220881 0.02 0.0717836
0.237148 0.02 0.065992
0.25752 0.02 0.0675241
0.279222 0.02 0.0701164
0.301451 0.02 0.0710656
0.323145 0.02 0.0719884
0.340396 0.02 0.0637053
0.361472 0.02 0.0637093
0.385348 0.02 0.0628399
0.409679 0.02 0.0618418
0.44049 0.02 0.0560318
0.460601 0.02 0.0597006
0.497995 0.02 0.0653593
0.521563 0.02 0.0459694
0.560972 0.02 0.0500984
0.0199969 0.02 0.0439268
0.0338654 0.02 0.0657865
0.0619359 0.02 0.0589809
0.0790446 0.02 0.0573287
0.10264 0.02 0.0592183
0.121223 0.02 0.0572643
0.144516 0.02 0.0627252
0.165088 0.02 0.0635028
0.185884 0.02 0.0652608
0.20255 0.02 0.0576564
0.221246 0.02 0.0598754
0.245335 0.02 0.063341
0.266794 0.02 0.0625633
0.285742 0.02 0.0595145
0.305286 0.02 0.0594347
0.323838 0.02 0.0584993
0.348449 0.02 0.0646053
0.372306 0.02 0.0623749
0.395868 0.02 0.0624435
0.420616 0.02 0.0609771
0.439778 0.02 0.0693481
0.472168 0.02 0.0571327
0.498316 0.02 0.0433705
0.532772 0.02 0.062793
0.561481 0.02 0.0501594
0.0199813 0.02 0.0520983
0.0437235 0.02 0.0388955
0.0650207 0.02 0.0418968
0.0801772 0.02 0.0428923
0.100278 0.02 0.0456308
0.119014 0.02 0.0411916
0.141855 0.02 0.0461037
0.162488 0.02 0.0435269
0.182665 0.02 0.0472096
0.200991 0.02 0.0404341
0.221203 0.02 0.0447971
0.240683 0.02 0.0462846
0.260308 0.02 0.0472527
0.28117 0.02 0.0423897
0.301596 0.02 0.0451263
0.323534 0.02 0.0408698
0.345113 0.02 0.0470776
0.367965 0.02 0.0442327
0.390969 0.02 0.0454407
0.414953 0.02 0.0444316
0.438128 0.02 0.0407548
0.466827 0.02 0.0439637
0.490737 0.02 0.0443452
0.529146 0.02 0.0406858
0.562381 0.02 0.0500416
0.0199974 0.02 0.0403691
0.0434977 0.02 0.0404503
0.0582489 0.02 0.0354293
0.0814221 0.02 0.0371424
0.0991138 0.02 0.0331671
0.120579 0.02 0.0355497
0.137465 0.02 0.0336361
0.160125 0.02 0.036311
0.179776 0.02 0.0313078
0.2013 0.02 0.0356193
0.220457 0.02 0.0327828
0.241088 0.02 0.0341568
0.262869 0.02 0.0335562
0.281852 0.02 0.0368826
0.303126 0.02 0.0337943
0.323663 0.02 0.0362724
0.345735 0.02 0.0340561
0.368153 0.02 0.0391231
0.390583 0.02 0.0377347
0.41476 0.02 0.0388175
0.438737 0.02 0.0364127
0.466177 0.02 0.0387255
0.494833 0.02 0.0378431
0.527258 0.02 0.0377283
0.560486 0.02 0.0490593
0.0199785 0.02 0.0400966
0.0376354 0.0211064 0.0392365
0.057904 0.0208862 0.0374931
0.0796744 0.0218582 0.0379996
0.0999337 0.022114 0.0346526
0.120291 0.020422 0.0368047
0.139122 0.0214135 0.0348682
0.160553 0.0206674 0.0370902
0.180283 0.0218292 0.0341563
0.20113 0.02 0.0365714
0.220581 0.0203833 0.0342197
0.241183 0.0211509 0.0363984
0.26267 0.021057 0.035178
0.281999 0.02 0.0377345
0.303307 0.0200382 0.0350738
0.323773 0.02 0.037751
0.345412 0.0209394 0.0363743
0.367975 0.02 0.0393826
0.39037 0.02 0.0381811
0.414487 0.02 0.0394118
0.438325 0.02 0.0378689
0.464741 0.02 0.0381853
0.494005 0.02 0.0383676
0.523067 0.02 0.0388876
0.556808 0.02 0.0477272
0.02 0.0291213 0.0563009
0.0384955 0.0320801 0.0473332
0.0585 0.0314929 0.0460699
0.0796458 0.0318454 0.0469978
0.0999516 0.0319423 0.045099
0.120151 0.030994 0.0446001
0.139957 0.0313049 0.0445384
0.160624 0.0300993 0.0441243
0.180505 0.0309284 0.0440872
0.200844 0.0300457 0.0435863
0.220953 0.0312789 0.0432644
0.241208 0.0297897 0.044838
0.261861 0.0307463 0.0444644
0.282039 0.0295846 0.0440222
0.303033 0.0304183 0.0442271
0.323891 0.0289046 0.0443894
0.345196 0.0294645 0.0453127
0.367552 0.0276921 0.0447904
0.390248 0.0280735 0.0446482
0.414274 0.0266019 0.0441257
0.437858 0.0261537 0.0441073
0.463486 0.0249906 0.0439912
0.491222 0.025419 0.0426423
0.51879 0.0235253 0.0441995
0.551658 0.0200181 0.0466519
0.02 0.0321075 0.0500653
0.038434 0.0349193 0.0535205
0.0586882 0.0351021 0.0517287
0.0794864 0.0357571 0.0500002
0.0998822 0.0356146 0.0496791
0.120085 0.0350682 0.048902
0.14012 0.0351099 0.0488151
0.160583 0.0342811 0.0484971
0.180503 0.0346767 0.0479889
0.200706 0.0341122 0.0482497
0.220893 0.0347811 0.0486867
0.241171 0.0338362 0.0483402
0.261573 0.0344478 0.0487131
0.281945 0.0335933 0.0488871
0.302853 0.0339969 0.048972
0.323761 0.0330051 0.0483946
0.34502 0.03315 0.0486055
0.367168 0.032 0.0485643
0.389845 0.0319856 0.0485843
0.413678 0.0306941 0.0476417
0.43721 0.0301283 0.0463358
0.462531 0.0290101 0.0460608
0.489245 0.0289665 0.0461106
0.51661 0.027361 0.0449304
0.54611 0.0253489 0.045572
0.0285914 0.02 0.0917382
0.0492054 0.02 0.0939841
0.0693768 0.02 0.0944017
0.0902588 0.02 0.0951283
0.110514 0.02 0.0946712
0.131663 0.02 0.0950485
0.151006 0.02 0.0944692
0.170847 0.02 0.0945948
0.190828 0.02 0.0948974
0.211021 0.02 0.0956194
0.23108 0.02 0.0953599
0.251218 0.02 0.0951065
0.271492 0.02 0.0950026
0.291989 0.02 0.0946858
0.31267 0.02 0.0943297
0.333912 0.02 0.0937263
0.355361 0.02 0.09295
0.377783 0.02 0.0920899
0.401018 0.02 0.0904947
0.425649 0.02 0.0881952
0.451179 0.02 0.0856668
0.479722 0.02 0.0818847
0.509419 0.02 0.0779481
0.545387 0.02 0.0715774
0.0201668 0.02 0.0940798
0.0479703 0.02 0.102625
0.0686927 0.02 0.10372
0.0900524 0.02 0.104147
0.110497 0.02 0.10415
0.131107 0.02 0.104668
0.152511 0.02 0.108907
0.171644 0.02 0.108494
0.191108 0.02 0.109127
0.211052 0.02 0.109285
0.231083 0.02 0.109218
0.251159 0.02 0.108902
0.271386 0.02 0.108714
0.291833 0.02 0.108389
0.3126 0.02 0.107958
0.333761 0.02 0.107028
0.355268 0.02 0.105757
0.377475 0.02 0.104345
0.400534 0.02 0.102455
0.424962 0.02 0.100257
0.450478 0.02 0.0970362
0.479294 0.02 0.093308
0.509338 0.02 0.0886045
0.552734 0.02 0.0771096
0.0202046 0.02 0.0936043
0.0463162 0.02 0.0988379
0.0688693 0.02 0.102168
0.0897631 0.02 0.10188
0.110465 0.02 0.102288
0.13115 0.02 0.101686
0.151168 0.02 0.101229
0.171136 0.02 0.101879
0.190939 0.02 0.102687
0.210974 0.02 0.103211
0.231136 0.02 0.103007
0.251158 0.02 0.102544
0.271391 0.02 0.102601
0.291859 0.02 0.102285
0.312688 0.02 0.10201
0.33394 0.02 0.10105
0.355468 0.02 0.0996901
0.377664 0.02 0.0982849
0.400877 0.02 0.0965171
0.425194 0.02 0.0943695
0.450955 0.02 0.0915564
0.479406 0.02 0.0879639
0.509354 0.02 0.0836373
0.550179 0.02 0.0738557
0.0213477 0.02 0.0858324
0.0487878 0.02 0.090603
0.0684613 0.0208714 0.0898881
0.0901631 0.0203287 0.0909997
0.110231 0.02005 0.0899966
0.130395 0.02 0.0905537
0.15056 0.02 0.0889471
0.170503 0.02 0.0886834
0.190655 0.02 0.0892683
0.210911 0.02 0.0896691
0.231202 0.02 0.0895824
0.251218 0.02 0.0891891
0.271493 0.02 0.0893191
0.292066 0.02 0.0890128
0.312775 0.02 0.0887906
0.334193 0.02 0.0881922
0.355534 0.02 0.0875946
0.377976 0.02 0.0870378
0.401159 0.02 0.0858399
0.425615 0.02 0.0842343
0.451 0.02 0.0823762
0.479087 0.02 0.0802387
0.508118 0.02 0.0774946
0.545726 0.02 0.0715356
0.0236522 0.0218008 0.0802224
0.0479989 0.0236947 0.0817226
0.0688145 0.0243697 0.0801949
0.0899398 0.0245989 0.0805703
0.109975 0.0241264 0.0801964
0.1305 0.0243282 0.0807318
0.150569 0.0232133 0.0809013
0.170668 0.0230662 0.0808141
0.190612 0.0231609 0.0806294
0.210829 0.0235546 0.0805899
0.231161 0.023018 0.0809721
0.251245 0.022534 0.0811255
0.27155 0.0228815 0.0808305
0.292237 0.0228605 0.0806431
0.312803 0.0229362 0.0801821
0.334313 0.0226792 0.0800433
0.355464 0.0224729 0.0799309
0.378194 0.0224517 0.0796745
0.401263 0.0222647 0.0785833
0.425633 0.0220213 0.0768496
0.450849 0.0219683 0.075309
0.478114 0.021697 0.0727852
0.505955 0.0211633 0.0702821
0.539324 0.0225988 0.0667345
0.026148 0.0265283 0.0742162
0.0486431 0.0279977 0.0726933
0.0690499 0.029019 0.0717368
0.0899221 0.0291449 0.0706225
0.109883 0.0289743 0.070744
0.130146 0.0293179 0.0702545
0.150187 0.028914 0.0710572
0.170663 0.0290743 0.0707727
0.190806 0.029019 0.070547
0.210732 0.028741 0.0703254
0.231018 0.029028 0.0708351
0.25122 0.028823 0.0713389
0.271753 0.0284968 0.071038
0.292321 0.0280659 0.0710679
0.312875 0.0278759 0.0707645
0.334225 0.0279194 0.0705752
0.355506 0.0277056 0.070528
0.378301 0.027598 0.0701387
0.401335 0.0273061 0.0691778
0.425366 0.0267606 0.0677746
0.450591 0.0266694 0.0665449
0.477181 0.026186 0.0639348
0.504133 0.0244702 0.0617295
0.533847 0.0248076 0.0603715
0.0275599 0.032351 0.0692625
0.0487548 0.0333319 0.0682081
0.0690693 0.0338729 0.0671113
0.0899033 0.0342442 0.0661944
0.109947 0.0340303 0.0659545
0.130134 0.034261 0.0652626
0.150244 0.0340591 0.0655197
0.170563 0.0341834 0.0648246
0.190782 0.033941 0.0647388
0.210682 0.0337544 0.0650191
0.231002 0.0338765 0.0647986
0.251173 0.0337324 0.0649523
0.271836 0.033442 0.0652832
0.292278 0.0330546 0.0657391
0.312953 0.0328549 0.0656324
0.33412 0.0327977 0.0651619
0.355616 0.0325957 0.0652437
0.378122 0.0322737 0.0649236
0.401178 0.0319553 0.0642475
0.424951 0.0313292 0.063061
0.449865 0.0311418 0.0620092
0.475701 0.0305482 0.0606275
0.502367 0.028865 0.0591994
0.529793 0.0282872 0.0578946
0.020262 0.02 0.111373
0.0366805 0.02 0.114766
0.0579126 0.02 0.118853
0.0793219 0.02 0.120628
0.0999992 0.02 0.121195
0.120715 0.02 0.121443
0.141635 0.02 0.120156
0.16123 0.02 0.118862
0.180938 0.02 0.118816
0.201062 0.02 0.11916
0.221087 0.02 0.119198
0.241123 0.02 0.118998
0.26126 0.02 0.118749
0.28157 0.02 0.118473
0.30209 0.02 0.118081
0.323001 0.02 0.117427
0.344217 0.02 0.116385
0.365963 0.02 0.115099
0.388533 0.02 0.11342
0.411967 0.02 0.111343
0.437266 0.02 0.108213
0.463254 0.02 0.104685
0.494021 0.02 0.0989499
0.524642 0.02 0.0929014
0.559629 0.02 0.085812
0.0202556 0.02 0.113043
0.0360398 0.02 0.117175
0.0579201 0.02 0.121954
0.0792144 0.02 0.123739
0.100051 0.02 0.124355
0.120735 0.02 0.124611
0.14212 0.02 0.123166
0.161774 0.02 0.121397
0.181064 0.02 0.120886
0.201105 0.02 0.121191
0.221101 0.02 0.121208
0.241121 0.02 0.121007
0.261256 0.02 0.120754
0.281554 0.02 0.120467
0.302076 0.02 0.120069
0.322971 0.02 0.11941
0.34418 0.02 0.118376
0.36592 0.02 0.117094
0.388469 0.02 0.115429
0.41191 0.02 0.113359
0.437122 0.02 0.110268
0.463194 0.02 0.106691
0.493773 0.02 0.100968
0.525398 0.02 0.0942672
0.560381 0.02 0.0864747
0.0202701 0.02 0.114485
0.0346433 0.02 0.11926
0.0577025 0.02 0.126156
0.0791593 0.02 0.128021
0.100019 0.02 0.128616
0.120584 0.02 0.129071
0.142025 0.02 0.128285
