0.0199227 0.02 0.0388402
0.0464104 0.02 0.0442975
0.0579081 0.02 0.0550881
0.0833615 0.02 0.0549716
0.0984131 0.02 0.0539381
0.121261 0.02 0.0552646
0.136027 0.02 0.0504455
0.156361 0.02 0.0486691
0.176269 0.02 0.0490739
0.200033 0.02 0.0566155
0.220454 0.02 0.0556574
0.236312 0.02 0.051187
0.256797 0.02 0.0520039
0.27825 0.02 0.054622
0.299945 0.02 0.0551042
0.321219 0.02 0.0560044
0.33801 0.02 0.0490355
0.358074 0.02 0.0495164
0.380744 0.02 0.048878
0.403268 0.02 0.0482845
0.432142 0.02 0.0434269
0.451542 0.02 0.0472622
0.485678 0.02 0.0528149
0.507285 0.02 0.034714
0.545675 0.02 0.0386982
0.0199739 0.02 0.0381602
0.0340823 0.02 0.0507557
0.0619874 0.02 0.0447822
0.0795193 0.02 0.0430979
0.102339 0.02 0.0437612
0.121528 0.02 0.0437955
0.144619 0.02 0.0473995
0.16439 0.02 0.0489771
0.185235 0.02 0.0498126
0.202121 0.02 0.0442675
0.220889 0.02 0.0453804
0.244933 0.02 0.0487613
0.265338 0.02 0.0476076
0.284635 0.02 0.0457518
0.303318 0.02 0.044918
0.321792 0.02 0.0451439
0.346012 0.02 0.0498776
0.36775 0.02 0.0488993
0.390254 0.02 0.0489404
0.413311 0.02 0.0483156
0.431826 0.02 0.0546492
0.461132 0.02 0.0441978
0.484928 0.02 0.0325265
0.518238 0.02 0.0510512
0.546177 0.02 0.0387587
0.0199572 0.02 0.0383681
0.0446654 0.02 0.0297903
0.0640791 0.02 0.0319006
0.0808991 0.02 0.0329552
0.100356 0.02 0.032377
0.118612 0.02 0.0315984
0.14101 0.02 0.0334253
0.162194 0.02 0.0334528
0.181817 0.02 0.0350357
0.200522 0.02 0.0311644
0.22038 0.02 0.0318773
0.239985 0.02 0.034804
0.260201 0.02 0.034183
0.279765 0.02 0.0324472
0.300455 0.02 0.0325177
0.321104 0.02 0.0313905
0.342334 0.02 0.0353779
0.36371 0.02 0.033967
0.38553 0.02 0.0337088
0.407997 0.02 0.0341753
0.430353 0.02 0.0315957
0.457274 0.02 0.0341424
0.479799 0.02 0.0328326
0.514086 0.02 0.0299023
0.547063 0.02 0.0386455
0.02 0.0199655 0.0343117
0.0443768 0.02 0.0311821
0.0603509 0.02 0.0276628
0.082498 0.02 0.0284012
0.0999081 0.02 0.0284577
0.120689 0.02 0.0271174
0.139217 0.02 0.0284743
0.159466 0.02 0.0279463
0.180064 0.02 0.0256145
0.201032 0.02 0.0273125
0.220383 0.02 0.0275224
0.240322 0.02 0.0266891
0.260977 0.02 0.0279
0.280579 0.02 0.0279293
0.300966 0.02 0.0277058
0.321211 0.02 0.0273802
0.342655 0.02 0.0268808
0.363919 0.02 0.0292543
0.385442 0.02 0.0291652
0.407825 0.02 0.0289291
0.430851 0.02 0.0272796
0.456573 0.02 0.0289991
0.482225 0.02 0.0281503
0.512357 0.02 0.027239
0.54519 0.02 0.0376705
0.02 0.0244296 0.0332932
0.0379385 0.0275788 0.0299675
0.0598522 0.0266768 0.0288421
0.0802481 0.0280531 0.0288685
0.100298 0.0262286 0.0282526
0.120267 0.0265814 0.027988
0.13999 0.0256274 0.0283949
0.160008 0.026372 0.0282172
0.180492 0.0268597 0.0273319
0.200875 0.0260202 0.0279357
0.220392 0.025422 0.0281832
0.240378 0.0266237 0.0278707
0.260971 0.0258308 0.0283495
0.280806 0.0253983 0.0285308
0.301079 0.0254867 0.0282967
0.321306 0.0257982 0.0285156
0.342405 0.0264893 0.0282976
0.363777 0.0246808 0.0294089
0.385299 0.0243341 0.0295458
0.40755 0.0242154 0.0294467
0.430471 0.0249939 0.0285694
0.455224 0.0236054 0.02839
0.481515 0.0214525 0.0287028
0.508528 0.0222558 0.0285133
0.541563 0.0202969 0.0363591
0.02 0.0337489 0.0426557
0.0388475 0.0366541 0.0369836
0.0592258 0.0362056 0.0352907
0.0800413 0.0368531 0.0360004
0.100153 0.0360986 0.0340329
0.12015 0.0360363 0.0342695
0.140138 0.0355474 0.0337041
0.160291 0.0355704 0.0337036
0.180519 0.0353911 0.0337027
0.200533 0.0354497 0.0334507
0.220481 0.0352815 0.0331488
0.240455 0.0352855 0.0339878
0.260694 0.035157 0.0337641
0.280821 0.0350363 0.0336436
0.301132 0.0349498 0.0336235
0.321517 0.0348195 0.0339089
0.342274 0.03469 0.034386
0.363501 0.0338834 0.0340515
0.38516 0.0333825 0.0339629
0.407427 0.0327985 0.0337751
0.430049 0.0325445 0.0340466
0.454056 0.0316062 0.0336317
0.479532 0.0304882 0.0324069
0.505337 0.0291644 0.0334655
0.536504 0.0258743 0.0353235
0.02 0.0375052 0.0385569
0.0388743 0.0410034 0.040437
0.0591468 0.041295 0.0388883
0.0798021 0.0418094 0.0375375
0.100027 0.0413958 0.0373227
0.120122 0.0412707 0.0368746
0.140152 0.0408398 0.037033
0.160333 0.0406566 0.0370342
0.180401 0.0403853 0.0366528
0.200362 0.0404971 0.03668
0.220428 0.0403849 0.0368287
0.240431 0.0402723 0.0368922
0.260554 0.0401958 0.0370813
0.280745 0.0400827 0.0370242
0.301068 0.0399664 0.0368995
0.321489 0.039714 0.0368421
0.342148 0.0394567 0.0369903
0.363227 0.0388599 0.0370709
0.384828 0.0383264 0.0368816
0.406965 0.037613 0.0364162
0.429436 0.0370292 0.0358109
0.453133 0.0361565 0.0353922
0.477777 0.0351662 0.0347872
0.503311 0.0334845 0.0337362
0.530998 0.0318013 0.0342946
0.0246912 0.02 0.073568
0.0487065 0.02 0.0752687
0.0692555 0.02 0.075496
0.0901399 0.02 0.0762011
0.110386 0.02 0.0759497
0.131483 0.02 0.0763766
0.150795 0.02 0.0760588
0.170642 0.02 0.0762669
0.190611 0.02 0.0764893
0.210697 0.02 0.0771868
0.230614 0.02 0.0770641
0.250637 0.02 0.0769462
0.270691 0.02 0.0769099
0.290866 0.02 0.076746
0.311127 0.02 0.0766126
0.3318 0.02 0.0763337
0.35253 0.02 0.0759265
0.373861 0.02 0.0754961
0.395789 0.02 0.0744701
0.418773 0.02 0.0729283
0.442564 0.02 0.0710494
0.468892 0.02 0.0680902
0.496804 0.02 0.0651995
0.53041 0.02 0.0598357
0.0199975 0.02 0.0748613
0.0474274 0.02 0.083126
0.0685634 0.02 0.0842017
0.0899466 0.02 0.0847058
0.110373 0.02 0.0848347
0.130936 0.02 0.0854277
0.152321 0.02 0.0897357
0.171444 0.02 0.0894796
0.190887 0.02 0.0901295
0.210761 0.02 0.0903135
0.230684 0.02 0.0903367
0.250619 0.02 0.0901297
0.270638 0.02 0.0900348
0.290783 0.02 0.0898644
0.311142 0.02 0.0896653
0.331742 0.02 0.0890738
0.35251 0.02 0.0882232
0.373705 0.02 0.0873015
0.395497 0.02 0.0860162
0.418343 0.02 0.0845635
0.442098 0.02 0.082113
0.468755 0.02 0.0793498
0.496942 0.02 0.0756233
0.537635 0.02 0.0653347
0.0212969 0.02 0.0744828
0.0456579 0.0219199 0.0796012
0.0687419 0.0210586 0.082708
0.0896517 0.0210115 0.0825324
0.110341 0.0207578 0.083062
0.130977 0.0205158 0.0825807
0.150961 0.0209251 0.0823276
0.17094 0.0213217 0.0830891
0.19072 0.0214157 0.0838968
0.210671 0.0215265 0.0844506
0.230715 0.0215011 0.0843316
0.250603 0.0216615 0.0839679
0.270626 0.0215839 0.0841198
0.290783 0.0215812 0.0839768
0.311194 0.0215381 0.0839335
0.331883 0.0213391 0.0832868
0.35267 0.0210954 0.0823563
0.373836 0.0209501 0.0814277
0.395749 0.0205616 0.0802714
0.418465 0.02 0.0788738
0.442464 0.02 0.0767982
0.468756 0.02 0.0741137
0.496879 0.02 0.0707459
0.535113 0.02 0.062114
0.0225878 0.0237018 0.0695987
0.0483809 0.0257362 0.0722566
0.0683929 0.0270994 0.0717459
0.090056 0.0269517 0.0724196
0.110112 0.0266398 0.0718042
0.130243 0.0262767 0.0722221
0.150373 0.0252489 0.0709769
0.170265 0.0246721 0.0707568
0.190448 0.0249383 0.0712543
0.210563 0.0253165 0.0716309
0.230694 0.0250251 0.0716844
0.250595 0.0248472 0.0714682
0.270645 0.0251051 0.0716035
0.290866 0.0251179 0.0714486
0.311186 0.0252003 0.0714261
0.331993 0.0248501 0.0711506
0.352679 0.0247142 0.0708336
0.373937 0.0247361 0.0706491
0.395837 0.0244249 0.0699931
0.41865 0.0241367 0.0691062
0.442309 0.0237881 0.0678156
0.468257 0.0232195 0.0664369
0.495574 0.0225521 0.0647286
0.530739 0.0235253 0.0598006
0.0240147 0.0277961 0.0644263
0.0480944 0.0302434 0.0647355
0.0688445 0.0312663 0.0635717
0.0899562 0.0312715 0.0634787
0.109949 0.0310851 0.063391
0.13035 0.0311823 0.0636136
0.150498 0.0302473 0.0637705
0.170342 0.0301403 0.0636295
0.190419 0.0302961 0.0635073
0.210461 0.0305511 0.0635406
0.230609 0.0303595 0.0638577
0.250552 0.0300027 0.0641521
0.270635 0.0301761 0.0639465
0.290889 0.030077 0.0639365
0.311192 0.0300626 0.0636779
0.331967 0.0297942 0.0637148
0.352629 0.0293754 0.0637502
0.373959 0.0292644 0.0638186
0.395812 0.028954 0.0632592
0.41854 0.0285691 0.06221
0.441976 0.0282977 0.0611054
0.467166 0.0279111 0.0592844
0.493393 0.0272337 0.0577921
0.524537 0.028167 0.0550421
0.0263613 0.0331767 0.0587311
0.0487416 0.0350969 0.0571507
0.0692692 0.0363972 0.0564853
0.0899448 0.0364325 0.0556909
0.109974 0.0363554 0.0556472
0.130182 0.03629 0.055235
0.150243 0.0357003 0.0555918
0.170315 0.0357306 0.0552671
0.190396 0.035612 0.0551711
0.210434 0.0357702 0.0553729
0.230464 0.0355815 0.0554087
0.250518 0.0354338 0.055717
0.270648 0.035407 0.0557673
0.290871 0.0353902 0.0558939
0.311214 0.0353069 0.0557405
0.331838 0.035018 0.0555629
0.352591 0.034676 0.0556611
0.373907 0.0345887 0.0556846
0.395742 0.0342276 0.0550969
0.418267 0.0337398 0.0542655
0.441581 0.0334211 0.0533237
0.466237 0.0326015 0.0511924
0.491456 0.0311903 0.0495157
0.519132 0.0313453 0.0486974
0.0278203 0.0397228 0.0542487
0.0489299 0.0411362 0.0533224
0.0693746 0.0419371 0.0524551
0.0899504 0.042235 0.0517731
0.110074 0.0419961 0.0515869
0.130172 0.0419008 0.0513518
0.150232 0.041446 0.051446
0.170326 0.0414533 0.0509793
0.190357 0.0413037 0.0510469
0.210404 0.0413456 0.051207
0.230415 0.0412386 0.0512416
0.25048 0.0411364 0.0513703
0.27065 0.0410364 0.0515003
0.290841 0.0409893 0.051553
0.311207 0.0408468 0.051433
0.331728 0.0405858 0.0513212
0.352517 0.0402424 0.0513929
0.373752 0.0399529 0.0513548
0.395508 0.0395226 0.0509313
0.417848 0.038969 0.0502697
0.440919 0.0385251 0.0494968
0.464993 0.0375944 0.0483667
0.489757 0.0360761 0.0470626
0.515185 0.0356709 0.0461324
0.0199903 0.02 0.090731
0.0362081 0.02 0.0945521
0.0577476 0.02 0.0989595
0.079258 0.02 0.1007
0.0999185 0.02 0.101286
0.120583 0.02 0.101613
0.141462 0.02 0.100522
0.161041 0.02 0.0994656
0.180738 0.02 0.099565
0.200823 0.02 0.0999516
0.220765 0.02 0.100043
0.240684 0.02 0.0999277
0.260654 0.02 0.0997754
0.280718 0.02 0.0996258
0.300896 0.02 0.099426
0.321341 0.02 0.0990499
0.341933 0.02 0.0983818
0.362832 0.02 0.0975471
0.384268 0.02 0.0964273
0.406294 0.02 0.0950409
0.429851 0.02 0.0927362
0.454005 0.02 0.0900332
0.482518 0.02 0.0854259
0.511378 0.02 0.0802579
0.544329 0.02 0.0739383
0.0199986 0.02 0.0924398
0.0356242 0.02 0.0969391
0.057764 0.02 0.102004
0.0791576 0.02 0.10375
0.099974 0.02 0.104372
0.120606 0.02 0.1047
0.141948 0.02 0.103455
0.161586 0.02 0.10194
0.180865 0.02 0.101591
0.200868 0.02 0.101941
0.220783 0.02 0.102012
0.240687 0.02 0.101893
0.260655 0.02 0.101737
0.280709 0.02 0.101577
0.30089 0.02 0.101372
0.321319 0.02 0.100993
0.341906 0.02 0.100334
0.3628 0.02 0.0995072
0.384219 0.02 0.0984025
0.406255 0.02 0.0970207
0.429739 0.02 0.0947515
0.453989 0.02 0.0920017
0.482322 0.02 0.0874001
0.512114 0.02 0.0816195
0.545046 0.02 0.0745986
0.0199987 0.02 0.0939143
0.0342748 0.02 0.0990045
0.0575673 0.02 0.106111
0.0791108 0.02 0.107951
0.0999469 0.02 0.108544
0.120459 0.02 0.10906
0.141857 0.02 0.108447
