0.0199845 0.02 0.080834
0.0455793 0.02 0.0801048
0.05764 0.02 0.0945963
0.0828715 0.02 0.0939742
0.0981148 0.02 0.0926967
0.120634 0.02 0.0938964
0.135614 0.02 0.0873599
0.155961 0.02 0.0841375
0.177558 0.02 0.0857307
0.201539 0.02 0.0951289
0.222164 0.02 0.0941271
0.238038 0.02 0.0874644
0.260038 0.02 0.0892907
0.282145 0.02 0.0917658
0.304921 0.02 0.0927778
0.32735 0.02 0.0937488
0.345527 0.02 0.0839156
0.368237 0.02 0.0840014
0.393656 0.02 0.0827859
0.41981 0.02 0.0815222
0.45302 0.02 0.074942
0.47464 0.02 0.0784963
0.515093 0.02 0.0838892
0.540795 0.02 0.0640326
0.581955 0.02 0.0676697
0.0199875 0.02 0.0612919
0.0334589 0.02 0.0885216
0.0615145 0.02 0.0803779
0.0786255 0.02 0.0785748
0.102447 0.02 0.0803237
0.120963 0.02 0.0775091
0.144634 0.02 0.083623
0.16587 0.02 0.0842719
0.186623 0.02 0.0864566
0.203614 0.02 0.077632
0.222506 0.02 0.0803011
0.247204 0.02 0.0834888
0.269428 0.02 0.0831303
0.288878 0.02 0.0797659
0.309097 0.02 0.0795976
0.328277 0.02 0.0785386
0.354642 0.02 0.0851251
0.379827 0.02 0.0824258
0.40507 0.02 0.0822096
0.43181 0.02 0.0803762
0.45209 0.02 0.0891666
0.487324 0.02 0.075694
0.516051 0.02 0.0610649
0.552828 0.02 0.0806362
0.582472 0.02 0.0677298
0.019978 0.02 0.072381
0.0430277 0.02 0.0555202
0.0648187 0.02 0.0589657
0.0798536 0.02 0.0597446
0.100079 0.02 0.0643173
0.119062 0.02 0.0574721
0.142042 0.02 0.0641236
0.163245 0.02 0.0603821
0.183255 0.02 0.0653987
0.201823 0.02 0.0563996
0.222867 0.02 0.0631463
0.242476 0.02 0.0639343
0.262469 0.02 0.0656938
0.283993 0.02 0.0597083
0.305409 0.02 0.0636805
0.328366 0.02 0.058194
0.351113 0.02 0.0655249
0.375283 0.02 0.0625181
0.399892 0.02 0.0640419
0.425755 0.02 0.062653
0.450502 0.02 0.0588277
0.481391 0.02 0.06202
0.507029 0.02 0.0624829
0.549381 0.02 0.0579444
0.583389 0.02 0.0676087
0.0199946 0.02 0.0575055
0.0428542 0.02 0.0573148
0.0573368 0.02 0.0512364
0.0810723 0.02 0.0528879
0.0987536 0.02 0.0481184
0.120724 0.02 0.0507675
0.137563 0.02 0.0488868
0.160526 0.02 0.0517198
0.180122 0.02 0.0464616
0.202106 0.02 0.0507374
0.221936 0.02 0.047687
0.243053 0.02 0.0500685
0.265143 0.02 0.0494158
0.284777 0.02 0.0531228
0.307133 0.02 0.0502048
0.328561 0.02 0.0530709
0.351767 0.02 0.0515689
0.375478 0.02 0.0569238
0.399439 0.02 0.0557111
0.425543 0.02 0.056766
0.451159 0.02 0.0543832
0.480694 0.02 0.0567004
0.512183 0.02 0.0552529
0.547306 0.02 0.0548555
0.581466 0.02 0.0666257
0.02 0.0199756 0.0572169
0.0368556 0.02 0.056
0.0569731 0.02 0.0535181
0.0793299 0.02 0.0538677
0.0996007 0.02 0.0496641
0.120437 0.02 0.052162
0.139208 0.02 0.0501958
0.160983 0.02 0.0525822
0.180616 0.02 0.0494603
0.201934 0.02 0.0517958
0.222074 0.02 0.0491523
0.243136 0.02 0.0524882
0.264948 0.02 0.0511247
0.284939 0.02 0.0540783
0.307333 0.02 0.0515516
0.328675 0.02 0.0546663
0.351442 0.02 0.0540229
0.375282 0.02 0.0571986
0.39921 0.02 0.0561742
0.42524 0.02 0.0573811
0.450716 0.02 0.0558791
0.479121 0.02 0.056173
0.511242 0.02 0.0557878
0.542693 0.02 0.0559576
0.577724 0.02 0.0652871
0.02 0.0204363 0.0773485
0.0377842 0.0276633 0.0650581
0.0579863 0.0259691 0.0640653
0.0795122 0.0260557 0.0649564
0.0996975 0.0244974 0.062956
0.120225 0.0255584 0.0618057
0.140125 0.0235519 0.0619815
0.160656 0.0236893 0.0612065
0.180902 0.0230773 0.0613001
0.201547 0.0240838 0.0607974
0.222562 0.023781 0.0604006
0.243117 0.0219223 0.0621066
0.264128 0.0228747 0.0620172
0.285275 0.0236872 0.061686
0.307016 0.0225489 0.0623021
0.328855 0.0221236 0.0625982
0.35122 0.0211852 0.0636964
0.374739 0.0200492 0.063022
0.399076 0.02 0.0631162
0.424967 0.02 0.0622535
0.450203 0.02 0.0622953
0.477753 0.02 0.0621125
0.508017 0.02 0.0603817
0.537676 0.02 0.0616159
0.572453 0.02 0.0642018
0.02 0.0234715 0.0693523
0.0378556 0.0271073 0.075278
0.0583685 0.0266921 0.0729005
0.0792592 0.0277049 0.0707451
0.0996956 0.027256 0.0688503
0.12003 0.0269696 0.0687777
0.140318 0.0267757 0.0671668
0.160988 0.026221 0.067412
0.180979 0.0262982 0.0660128
0.201596 0.0259115 0.0674522
0.222442 0.0264604 0.0670512
0.242952 0.025352 0.0666217
0.263837 0.0260434 0.0670777
0.284913 0.02535 0.0684552
0.306752 0.0254387 0.067766
0.328457 0.0248084 0.0678584
0.351006 0.0244425 0.0672746
0.374279 0.0242391 0.0679346
0.39862 0.0236776 0.0674261
0.424136 0.0231776 0.0666092
0.449497 0.021872 0.0646414
0.476706 0.0205686 0.0642637
0.505765 0.0208134 0.0640905
0.535376 0.02 0.0624981
0.566757 0.02 0.0631058
0.0285314 0.02 0.117144
0.0491122 0.02 0.119487
0.0692647 0.02 0.119949
0.0901611 0.02 0.120739
0.110458 0.02 0.120244
0.131718 0.02 0.120546
0.151245 0.02 0.11975
0.171311 0.02 0.119724
0.19151 0.02 0.119954
0.211951 0.02 0.120529
0.2323 0.02 0.120061
0.252871 0.02 0.119622
0.273661 0.02 0.119314
0.294775 0.02 0.118682
0.316205 0.02 0.117995
0.338419 0.02 0.116995
0.361133 0.02 0.115734
0.385061 0.02 0.114301
0.410009 0.02 0.112056
0.436657 0.02 0.109038
0.464167 0.02 0.105858
0.495292 0.02 0.10125
0.527139 0.02 0.0966721
0.56607 0.02 0.0893329
0.0201463 0.02 0.119693
0.0479681 0.02 0.128673
0.0686727 0.02 0.129876
0.0900387 0.02 0.130366
0.110522 0.02 0.130326
0.131226 0.02 0.130749
0.152785 0.02 0.13492
0.172089 0.02 0.134281
0.191742 0.02 0.134791
0.21192 0.02 0.134797
0.232245 0.02 0.134546
0.252712 0.02 0.134027
0.273424 0.02 0.13361
0.294473 0.02 0.132994
0.315994 0.02 0.13221
0.338134 0.02 0.130841
0.360868 0.02 0.129038
0.384561 0.02 0.127002
0.409325 0.02 0.124427
0.435708 0.02 0.121495
0.463233 0.02 0.117546
0.494571 0.02 0.112959
0.526836 0.02 0.107503
0.573594 0.02 0.0948427
0.0201803 0.02 0.11919
0.0462852 0.02 0.124676
0.0688368 0.02 0.128244
0.0897308 0.02 0.127966
0.110478 0.02 0.128366
0.131251 0.02 0.127621
0.151422 0.02 0.126948
0.171583 0.02 0.127427
0.191589 0.02 0.128121
0.211861 0.02 0.128503
0.232323 0.02 0.128117
0.252746 0.02 0.127457
0.273473 0.02 0.127295
0.294551 0.02 0.126675
0.316138 0.02 0.126044
0.338366 0.02 0.124663
0.361142 0.02 0.122798
0.384837 0.02 0.120778
0.409767 0.02 0.11833
0.436063 0.02 0.11544
0.463832 0.02 0.111923
0.494808 0.02 0.107488
0.526915 0.02 0.10247
0.570984 0.02 0.0915854
0.0212448 0.02 0.110787
0.0486469 0.02 0.115821
0.0682939 0.02 0.11508
0.0900168 0.02 0.11631
0.110125 0.02 0.115218
0.130407 0.02 0.115734
0.15079 0.02 0.113726
0.170988 0.02 0.113286
0.191355 0.02 0.113937
0.211896 0.02 0.114194
0.232462 0.02 0.113818
0.25295 0.02 0.113242
0.273744 0.02 0.113222
0.294951 0.02 0.112601
0.316399 0.02 0.112078
0.338801 0.02 0.111108
0.36143 0.02 0.110055
0.385373 0.02 0.108966
0.410255 0.02 0.107177
0.436706 0.02 0.104915
0.464042 0.02 0.102461
0.494628 0.02 0.0995849
0.525742 0.02 0.0962405
0.566421 0.02 0.0892871
0.0234773 0.02 0.10457
0.0477316 0.02 0.106241
0.06853 0.02 0.104633
0.0896573 0.02 0.105101
0.109753 0.02 0.104669
0.130428 0.02 0.105302
0.150789 0.02 0.105131
0.171212 0.02 0.104856
0.191341 0.02 0.104657
0.211931 0.02 0.104338
0.23244 0.02 0.104525
0.253128 0.02 0.10464
0.273936 0.02 0.104086
0.295286 0.02 0.10356
0.316572 0.02 0.102844
0.339012 0.02 0.102489
0.361524 0.02 0.101976
0.385746 0.02 0.101196
0.410512 0.02 0.0995511
0.436863 0.02 0.0971975
0.464031 0.02 0.0951127
0.493667 0.02 0.0919093
0.523587 0.02 0.0888427
0.559794 0.02 0.0844977
0.0258929 0.02 0.0979395
0.0482685 0.02 0.0963803
0.0687134 0.02 0.0951066
0.0895347 0.02 0.0937293
0.109593 0.02 0.0937697
0.129732 0.0208043 0.0934637
0.15039 0.0202993 0.0939275
0.17137 0.0204929 0.0934723
0.191691 0.0207734 0.0933405
0.211927 0.02 0.0925787
0.232258 0.0203896 0.0930467
0.253358 0.0203411 0.093685
0.274275 0.0200078 0.0932348
0.295518 0.02 0.0928539
0.316786 0.02 0.0923812
0.338958 0.02 0.0921296
0.361768 0.02 0.0916953
0.385997 0.02 0.0908944
0.410721 0.02 0.0894634
0.43669 0.02 0.0875436
0.463882 0.02 0.0858599
0.492699 0.02 0.0826975
0.5218 0.02 0.0800126
0.554071 0.02 0.0781304
0.0271869 0.0227334 0.0924339
0.0484093 0.0232804 0.091381
0.0686217 0.0235732 0.0897714
0.0896091 0.0241086 0.0882671
0.109578 0.024124 0.0875991
0.129844 0.0248772 0.086483
0.150434 0.0248237 0.0870911
0.171289 0.0249543 0.0861251
0.191608 0.0245036 0.0854256
0.211919 0.0240692 0.0857994
0.232293 0.024238 0.0856707
0.25335 0.0244067 0.0860134
0.274457 0.0239336 0.0860391
0.295588 0.0233822 0.0865871
0.316913 0.0231902 0.0864126
0.339012 0.0234737 0.0859061
0.361956 0.0233797 0.0857066
0.385929 0.0232999 0.0851099
0.410612 0.0231303 0.0840729
0.436328 0.0227311 0.0824975
0.463158 0.0226341 0.081035
0.491111 0.0223136 0.0792349
0.519955 0.0209903 0.0774291
0.549781 0.0207192 0.0756941
0.0203487 0.02 0.137705
0.0367625 0.02 0.141219
0.057986 0.02 0.145524
0.079393 0.02 0.147445
0.100083 0.02 0.148031
0.120844 0.02 0.148194
0.141844 0.02 0.146678
0.16157 0.02 0.145093
0.181455 0.02 0.144804
0.201784 0.02 0.144989
0.22206 0.02 0.144862
0.242425 0.02 0.144476
0.262985 0.02 0.144016
0.283823 0.02 0.143481
0.305003 0.02 0.142767
0.326759 0.02 0.141718
0.349063 0.02 0.140187
0.372175 0.02 0.138309
0.396371 0.02 0.135943
0.421624 0.02 0.133138
0.44899 0.02 0.129221
0.477005 0.02 0.124966
0.51047 0.02 0.118262
0.543024 0.02 0.111571
0.580771 0.02 0.103527
0.0203503 0.02 0.139426
0.0361322 0.02 0.14369
0.0580061 0.02 0.148709
0.0792976 0.02 0.15064
0.100146 0.02 0.151278
0.120872 0.02 0.151449
0.142332 0.02 0.149771
0.162115 0.02 0.147693
0.181578 0.02 0.146922
0.201823 0.02 0.147064
0.222068 0.02 0.146917
0.242414 0.02 0.146531
0.26297 0.02 0.146067
0.283796 0.02 0.145519
0.304976 0.02 0.144797
0.326714 0.02 0.143742
0.349012 0.02 0.142216
0.372115 0.02 0.140339
0.396285 0.02 0.137987
0.421538 0.02 0.135192
0.448812 0.02 0.131313
0.476895 0.02 0.12701
0.510156 0.02 0.120321
0.543787 0.02 0.112944
0.58154 0.02 0.104187
0.0203717 0.02 0.140912
0.0347448 0.02 0.145822
0.0578058 0.02 0.153026
0.079256 0.02 0.15502
0.100125 0.02 0.155633
0.120729 0.02 0.156004
0.142239 0.02 0.155013
