0.0199985 0.02 0.070011
0.0456218 0.02 0.0691642
0.0577972 0.02 0.0829901
0.0829888 0.02 0.0825428
0.0982518 0.02 0.0814099
0.120912 0.02 0.0825332
0.135641 0.02 0.0766541
0.15584 0.02 0.0736026
0.177165 0.02 0.075153
0.200847 0.02 0.0839782
0.221467 0.02 0.0831664
0.237278 0.02 0.0768439
0.258833 0.02 0.0785999
0.280632 0.02 0.0810233
0.303064 0.02 0.0820878
0.325072 0.02 0.0830634
0.342704 0.02 0.0736964
0.364819 0.02 0.0737891
0.389426 0.02 0.0727527
0.414743 0.02 0.0715772
0.44676 0.02 0.0653919
0.467646 0.02 0.0690388
0.506729 0.02 0.0746348
0.531434 0.02 0.0550892
0.571764 0.02 0.0588362
0.0199921 0.02 0.0518852
0.033653 0.02 0.0771451
0.0616228 0.02 0.0695627
0.0787192 0.02 0.0677911
0.10256 0.02 0.0697103
0.121101 0.02 0.0671597
0.144301 0.02 0.0732821
0.165635 0.02 0.0738911
0.186154 0.02 0.0759749
0.202955 0.02 0.0674364
0.221772 0.02 0.0700488
0.246201 0.02 0.0732419
0.268108 0.02 0.0728476
0.287181 0.02 0.0695059
0.30708 0.02 0.0694608
0.325864 0.02 0.0683817
0.351556 0.02 0.0748811
0.375989 0.02 0.0722962
0.400466 0.02 0.0722415
0.426208 0.02 0.0705398
0.445938 0.02 0.0793714
0.479825 0.02 0.0663552
0.507486 0.02 0.0519879
0.543102 0.02 0.0717028
0.572277 0.02 0.0588969
0.0199908 0.02 0.0621776
0.0432215 0.02 0.0468264
0.0648877 0.02 0.0501248
0.0798943 0.02 0.0510049
0.100137 0.02 0.0548051
0.119052 0.02 0.0489785
0.141942 0.02 0.0549428
0.162697 0.02 0.0515255
0.182937 0.02 0.0561741
0.201306 0.02 0.048052
0.221999 0.02 0.0538499
0.24151 0.02 0.054604
0.261264 0.02 0.0562509
0.282507 0.02 0.0506652
0.303325 0.02 0.0541992
0.325871 0.02 0.0490774
0.348026 0.02 0.0559096
0.371528 0.02 0.0530784
0.395411 0.02 0.0544928
0.420312 0.02 0.0533173
0.444282 0.02 0.0494408
0.474116 0.02 0.0527329
0.498848 0.02 0.053335
0.53972 0.02 0.0490645
0.573184 0.02 0.0587777
0.0199931 0.02 0.0482337
0.0430287 0.02 0.0485185
0.0575049 0.02 0.0428492
0.081116 0.02 0.0445795
0.0988488 0.02 0.0398682
0.1206 0.02 0.0426755
0.137332 0.02 0.0405131
0.160303 0.02 0.0436474
0.179768 0.02 0.0381492
0.20158 0.02 0.0427024
0.221082 0.02 0.0393628
0.242026 0.02 0.0415893
0.263957 0.02 0.0407423
0.283204 0.02 0.0445236
0.305038 0.02 0.0412336
0.326039 0.02 0.0441113
0.348645 0.02 0.0422824
0.37172 0.02 0.0476275
0.394965 0.02 0.0462929
0.420123 0.02 0.0475384
0.444922 0.02 0.0450358
0.47344 0.02 0.0474322
0.50376 0.02 0.0461709
0.537703 0.02 0.0459748
0.571277 0.02 0.0577926
0.02 0.0199743 0.0479551
0.0371836 0.02 0.047222
0.057141 0.02 0.0450767
0.0794056 0.02 0.0455348
0.0997039 0.02 0.0413914
0.12032 0.02 0.0440342
0.139018 0.02 0.0417777
0.16073 0.02 0.0444795
0.180266 0.02 0.041089
0.201416 0.02 0.0437278
0.221214 0.02 0.0408032
0.242107 0.02 0.0439504
0.263763 0.02 0.0424241
0.283356 0.02 0.0454462
0.305236 0.02 0.0425511
0.32615 0.02 0.0456731
0.348326 0.02 0.0446818
0.371532 0.02 0.0478987
0.394741 0.02 0.04675
0.419837 0.02 0.0481475
0.444492 0.02 0.0465173
0.471937 0.02 0.0468969
0.502867 0.02 0.0466957
0.533235 0.02 0.0470514
0.567572 0.02 0.0564498
0.02 0.0248603 0.0667339
0.0380721 0.0297468 0.055792
0.0580972 0.028598 0.054672
0.0794789 0.0286267 0.0555832
0.09977 0.02815 0.0537214
0.12014 0.0280462 0.0526893
0.139947 0.027519 0.0529107
0.160699 0.0265465 0.0522183
0.180522 0.0270992 0.0522761
0.201119 0.026947 0.0516359
0.221672 0.0276886 0.0514383
0.242052 0.0257005 0.0531133
0.262923 0.0269122 0.0528258
0.28352 0.0266863 0.0523213
0.304915 0.0266127 0.0528848
0.326278 0.0257374 0.0529841
0.348127 0.0252479 0.0541159
0.371028 0.0241188 0.0536021
0.394619 0.0239968 0.0535923
0.419574 0.0225577 0.0529701
0.443992 0.0219043 0.0528784
0.47063 0.0205481 0.0528033
0.499791 0.0211754 0.0512487
0.528417 0.02 0.0526607
0.562375 0.02 0.0553566
0.02 0.0278354 0.0593974
0.0380341 0.0306106 0.0641435
0.0584013 0.0307383 0.0621285
0.079291 0.0316032 0.059983
0.0997382 0.0313002 0.0589702
0.120035 0.0309464 0.0584674
0.140148 0.0309238 0.0577479
0.160733 0.0301041 0.0574773
0.180593 0.0305035 0.0567172
0.201062 0.0299944 0.0574429
0.221584 0.0306648 0.057583
0.24196 0.029452 0.0570564
0.262623 0.0302704 0.0575982
0.283325 0.0294771 0.0583972
0.304676 0.029741 0.0581183
0.325986 0.028933 0.0579157
0.34793 0.0286851 0.0576053
0.370653 0.0277879 0.0578968
0.394193 0.0276233 0.0576967
0.418941 0.0263184 0.0567135
0.443309 0.0256779 0.055197
0.469632 0.0243665 0.0549351
0.497637 0.0245196 0.0549283
0.526201 0.0230396 0.0535243
0.556771 0.0215985 0.054251
0.0286088 0.02 0.104739
0.0492019 0.02 0.107025
0.0693388 0.02 0.107474
0.0902284 0.02 0.108271
0.110514 0.02 0.107801
0.131707 0.02 0.108132
0.151105 0.02 0.107418
0.171046 0.02 0.107475
0.191107 0.02 0.107779
0.211409 0.02 0.108452
0.231598 0.02 0.108086
0.251943 0.02 0.107741
0.272459 0.02 0.107552
0.293244 0.02 0.107069
0.314278 0.02 0.10654
0.33599 0.02 0.105714
0.358086 0.02 0.104668
0.381287 0.02 0.103479
0.405422 0.02 0.101514
0.431121 0.02 0.0988097
0.457717 0.02 0.0959248
0.487617 0.02 0.0916883
0.518476 0.02 0.0873711
0.556001 0.02 0.0804415
0.0202079 0.02 0.107209
0.0480235 0.02 0.115996
0.068722 0.02 0.117147
0.0900771 0.02 0.117617
0.110537 0.02 0.117598
0.131181 0.02 0.118062
0.152638 0.02 0.122267
0.171837 0.02 0.121743
0.191374 0.02 0.122326
0.211415 0.02 0.122423
0.231575 0.02 0.122275
0.251829 0.02 0.121866
0.272278 0.02 0.12157
0.293006 0.02 0.121098
0.314131 0.02 0.120485
0.335769 0.02 0.119324
0.357897 0.02 0.117765
0.38087 0.02 0.116003
0.404822 0.02 0.113728
0.430291 0.02 0.111117
0.456893 0.02 0.107488
0.487041 0.02 0.10328
0.518269 0.02 0.0981355
0.563425 0.02 0.0859663
0.0202432 0.02 0.106717
0.0463521 0.02 0.112085
0.0688897 0.02 0.115546
0.0897757 0.02 0.115274
0.110499 0.02 0.115681
0.131215 0.02 0.115001
0.151283 0.02 0.114432
0.171329 0.02 0.115001
0.19121 0.02 0.115764
0.211345 0.02 0.11623
0.23164 0.02 0.11595
0.251847 0.02 0.115399
0.272308 0.02 0.11535
0.293062 0.02 0.114876
0.31425 0.02 0.114415
0.335975 0.02 0.113234
0.358136 0.02 0.1116
0.381107 0.02 0.109848
0.405221 0.02 0.107692
0.430589 0.02 0.105126
0.457436 0.02 0.101921
0.487216 0.02 0.0978599
0.518325 0.02 0.093126
0.560848 0.02 0.0827074
0.021334 0.02 0.0985687
0.0487551 0.02 0.103468
0.0683793 0.02 0.102741
0.0900979 0.02 0.103984
0.110202 0.02 0.102942
0.130423 0.02 0.103472
0.150643 0.02 0.101645
0.170712 0.02 0.101299
0.190929 0.02 0.101956
0.211325 0.02 0.102313
0.231739 0.02 0.102066
0.251989 0.02 0.101593
0.272505 0.02 0.101663
0.293379 0.02 0.101179
0.314434 0.02 0.100795
0.336319 0.02 0.0999936
0.358331 0.02 0.0991372
0.381549 0.02 0.0982659
0.405623 0.02 0.0967275
0.431134 0.02 0.094749
0.457569 0.02 0.0925703
0.486968 0.02 0.0900317
0.517125 0.02 0.0869293
0.556345 0.02 0.0803975
0.0235881 0.02 0.0926084
0.0478944 0.02 0.0941718
0.0686154 0.02 0.0926008
0.0897735 0.02 0.0931448
0.109871 0.02 0.0927623
0.130511 0.02 0.0933299
0.150611 0.02 0.0933387
0.170924 0.02 0.0931572
0.190863 0.02 0.0929842
0.211305 0.02 0.0928651
0.231693 0.02 0.0931258
0.252114 0.02 0.0932889
0.27263 0.02 0.0928427
0.293647 0.02 0.0924474
0.314545 0.02 0.0918444
0.336474 0.02 0.0916061
0.358367 0.02 0.0912578
0.381859 0.02 0.0906736
0.405818 0.02 0.0892525
0.431233 0.02 0.0871549
0.457496 0.02 0.0853337
0.486003 0.02 0.082439
0.514965 0.02 0.0795947
0.54984 0.02 0.0755981
0.0260303 0.0216466 0.0862112
0.0484802 0.0228422 0.084649
0.068763 0.0236995 0.0835152
0.0896766 0.0241391 0.0823342
0.109744 0.0240941 0.0824242
0.130034 0.0249044 0.0820439
0.150133 0.024387 0.0826779
0.171036 0.0245718 0.0822797
0.191088 0.0248282 0.0821484
0.21124 0.0242647 0.0816433
0.231518 0.0245571 0.0821552
0.252262 0.0244535 0.0827726
0.272899 0.0241745 0.0823995
0.293806 0.023407 0.0821325
0.314701 0.0231995 0.0817406
0.336363 0.0233782 0.0815629
0.358538 0.0231805 0.0812681
0.382039 0.0230805 0.0806138
0.405977 0.0228315 0.0793643
0.431008 0.0223373 0.0776596
0.457297 0.0222704 0.0762319
0.485051 0.0218713 0.0733288
0.513172 0.0202326 0.0708459
0.544273 0.0209098 0.069226
0.0273837 0.0271504 0.0808819
0.0485665 0.0277785 0.0798124
0.0687224 0.028193 0.0784648
0.0897059 0.0288249 0.0771486
0.109756 0.0288015 0.076643
0.130077 0.0293092 0.075691
0.150202 0.029259 0.0763293
0.170898 0.0293769 0.0754679
0.191038 0.0290496 0.0749408
0.211203 0.0288056 0.0752141
0.231549 0.0288992 0.0751714
0.252207 0.0290013 0.0754931
0.273055 0.0285323 0.075537
0.293824 0.0279722 0.0760927
0.3148 0.0277633 0.0759814
0.336363 0.0279447 0.0755549
0.358699 0.0277514 0.0754605
0.381919 0.0275123 0.0749729
0.405858 0.0272042 0.0740826
0.430601 0.0266071 0.0726854
0.456568 0.0264359 0.071478
0.483499 0.0259619 0.0698914
0.511369 0.0244148 0.06827
0.54011 0.0240067 0.0667709
0.0203746 0.02 0.124935
0.0367892 0.02 0.12839
0.0580081 0.02 0.132588
0.0794038 0.02 0.134436
0.100076 0.02 0.135006
0.120802 0.02 0.135199
0.141745 0.02 0.133787
0.161385 0.02 0.132341
0.18116 0.02 0.132178
0.201365 0.02 0.132456
0.221495 0.02 0.132424
0.241676 0.02 0.13214
0.262005 0.02 0.131793
0.282558 0.02 0.131391
0.303387 0.02 0.130837
0.324703 0.02 0.129979
0.346455 0.02 0.128681
0.368896 0.02 0.127073
0.392311 0.02 0.125011
0.416709 0.02 0.122525
0.443117 0.02 0.118954
0.470205 0.02 0.115014
0.50239 0.02 0.10873
0.534062 0.02 0.102292
0.570453 0.02 0.0946637
0.0203735 0.02 0.126636
0.0361554 0.02 0.130837
0.0580234 0.02 0.135737
0.0793038 0.02 0.137595
0.100134 0.02 0.138214
0.120826 0.02 0.138416
0.142232 0.02 0.136841
0.16193 0.02 0.13491
0.181285 0.02 0.134274
0.201406 0.02 0.13451
0.221507 0.02 0.134457
0.241669 0.02 0.134173
0.261994 0.02 0.133822
0.282535 0.02 0.133408
0.303366 0.02 0.132847
0.324665 0.02 0.131985
0.34641 0.02 0.130693
0.368844 0.02 0.129088
0.392236 0.02 0.127041
0.416637 0.02 0.124564
0.442955 0.02 0.121031
0.47012 0.02 0.117041
0.502108 0.02 0.110771
0.534823 0.02 0.103661
0.571215 0.02 0.0953245
0.0203926 0.02 0.128105
0.034765 0.02 0.132952
0.0578165 0.02 0.140008
0.0792569 0.02 0.141933
0.100108 0.02 0.142527
0.120679 0.02 0.142929
0.142139 0.02 0.142027
