0.0199636 0.02 0.0549971
0.0459582 0.02 0.0550121
0.0579564 0.02 0.0671099
0.0832927 0.02 0.0667861
0.0983784 0.02 0.0658711
0.121184 0.02 0.0669824
0.135744 0.02 0.0620267
0.156211 0.02 0.0596378
0.176477 0.02 0.0606162
0.20031 0.02 0.0685764
0.220731 0.02 0.0678447
0.236919 0.02 0.0623958
0.257269 0.02 0.0637262
0.278891 0.02 0.0663141
0.30093 0.02 0.0671889
0.322626 0.02 0.0680818
0.339655 0.02 0.0601555
0.360417 0.02 0.0602799
0.38407 0.02 0.0594705
0.408051 0.02 0.0585623
0.438378 0.02 0.0529313
0.45824 0.02 0.0566057
0.494962 0.02 0.0621661
0.518061 0.02 0.0431146
0.557259 0.02 0.0472127
0.0199754 0.02 0.0418633
0.0340326 0.02 0.0619374
0.0620221 0.02 0.0554735
0.0791462 0.02 0.0537533
0.102621 0.02 0.0554931
0.121289 0.02 0.053955
0.144657 0.02 0.0590272
0.16483 0.02 0.0599304
0.185741 0.02 0.0614962
0.202452 0.02 0.0544168
0.221086 0.02 0.0563193
0.245194 0.02 0.0598417
0.266408 0.02 0.0589425
0.285386 0.02 0.0561881
0.304718 0.02 0.0559151
0.323253 0.02 0.0552341
0.347692 0.02 0.0610338
0.371017 0.02 0.0590703
0.394455 0.02 0.0590902
0.418795 0.02 0.0577909
0.437734 0.02 0.0658588
0.469635 0.02 0.054025
0.494674 0.02 0.0406195
0.52923 0.02 0.0598531
0.557766 0.02 0.0472737
0.0199734 0.02 0.0485415
0.0440057 0.02 0.0365307
0.0648976 0.02 0.0392935
0.0802807 0.02 0.040373
0.100299 0.02 0.0424353
0.118924 0.02 0.0388051
0.141762 0.02 0.0431285
0.162488 0.02 0.0410504
0.182524 0.02 0.0441663
0.200933 0.02 0.0380241
0.220903 0.02 0.041477
0.240412 0.02 0.04351
0.260196 0.02 0.0440982
0.28078 0.02 0.0398304
0.301156 0.02 0.0419768
0.322803 0.02 0.0383758
0.344275 0.02 0.0441229
0.366841 0.02 0.041491
0.389525 0.02 0.0423232
0.413142 0.02 0.0416618
0.436088 0.02 0.0381495
0.46447 0.02 0.0412158
0.488602 0.02 0.0410251
0.525525 0.02 0.0378862
0.558663 0.02 0.0471566
0.02 0.019967 0.0383084
0.0437619 0.02 0.0380452
0.0588103 0.02 0.0333339
0.0815709 0.02 0.0348859
0.0992359 0.02 0.0315606
0.120556 0.02 0.0333848
0.137688 0.02 0.0318463
0.160033 0.02 0.034067
0.179868 0.02 0.0295395
0.201293 0.02 0.0334355
0.220356 0.02 0.031298
0.240773 0.02 0.0319439
0.262441 0.02 0.0317521
0.281496 0.02 0.03455
0.302491 0.02 0.0319777
0.322918 0.02 0.0339069
0.344872 0.02 0.0318672
0.367055 0.02 0.0364944
0.389225 0.02 0.0354451
0.412933 0.02 0.0361607
0.436681 0.02 0.0338287
0.463821 0.02 0.0360284
0.491555 0.02 0.0356361
0.523653 0.02 0.03497
0.556773 0.02 0.0461752
0.02 0.0205131 0.0380242
0.0378132 0.0227485 0.0368567
0.0584645 0.0224153 0.0352478
0.0797539 0.0233983 0.0356657
0.100002 0.0235117 0.0329207
0.120258 0.0220146 0.0345761
0.139278 0.0229402 0.0330254
0.16048 0.0222623 0.0347981
0.180366 0.0233799 0.0323129
0.201107 0.0213693 0.0343353
0.220475 0.0218888 0.0326773
0.240885 0.022774 0.0340744
0.262246 0.0226011 0.0333068
0.281645 0.020624 0.0353653
0.302652 0.0215947 0.0332078
0.323037 0.0210145 0.0353376
0.344559 0.0225013 0.0341291
0.366874 0.02 0.0367485
0.389028 0.02 0.0358838
0.412663 0.02 0.0367453
0.436276 0.02 0.0352752
0.462393 0.02 0.0354879
0.490779 0.02 0.0361914
0.519518 0.02 0.0361477
0.553105 0.02 0.0448464
0.02 0.0305612 0.0529322
0.0386534 0.0332102 0.0447056
0.0586955 0.0327705 0.043246
0.0797291 0.0331953 0.0441651
0.0999939 0.0331188 0.0422985
0.120152 0.0323954 0.0419764
0.140016 0.03253 0.0418658
0.160572 0.0315944 0.0414945
0.180541 0.0321246 0.0415096
0.20076 0.0315575 0.040968
0.220805 0.0324176 0.0406429
0.240962 0.0313108 0.0421071
0.261521 0.0319349 0.0418098
0.281654 0.0309731 0.0413772
0.302446 0.0316898 0.0414903
0.323199 0.0304178 0.0417157
0.344357 0.0308186 0.0425468
0.366443 0.0290953 0.0420109
0.388903 0.0292648 0.0418037
0.412493 0.0279118 0.0413949
0.435824 0.027606 0.0414198
0.461136 0.0264898 0.0412115
0.488325 0.0263781 0.039961
0.515383 0.0249923 0.0413966
0.547975 0.0213581 0.0437778
0.02 0.0336123 0.0471126
0.0385874 0.0364526 0.0502191
0.0588002 0.0366803 0.0485146
0.0795599 0.0373288 0.0469145
0.0999162 0.0370898 0.0466148
0.120106 0.0366506 0.0459891
0.140143 0.0365641 0.0459024
0.160539 0.0358725 0.0456718
0.180504 0.0360784 0.0451662
0.200605 0.0357464 0.0454471
0.220744 0.0361932 0.0457911
0.240939 0.0354768 0.0454828
0.261266 0.0358503 0.045813
0.281564 0.0351743 0.0459532
0.302299 0.0355091 0.0459947
0.323103 0.0346474 0.0455153
0.344194 0.0346785 0.0456844
0.366065 0.0335568 0.0456367
0.388505 0.0333982 0.0455951
0.411928 0.0321948 0.0447246
0.435187 0.0316743 0.0435777
0.46018 0.0306215 0.0432402
0.486451 0.0301518 0.0432036
0.513206 0.0288717 0.0420938
0.542447 0.0267872 0.0427067
0.0285461 0.02 0.0872168
0.0491678 0.02 0.0894518
0.0693597 0.02 0.089862
0.0902315 0.02 0.090555
0.110482 0.02 0.0901533
0.131639 0.02 0.0905446
0.150975 0.02 0.0900008
0.170784 0.02 0.0901427
0.190749 0.02 0.0904394
0.21092 0.02 0.0911653
0.230942 0.02 0.0909282
0.251032 0.02 0.0907053
0.271237 0.02 0.0906382
0.291646 0.02 0.0903647
0.312222 0.02 0.0900807
0.333317 0.02 0.0895373
0.354561 0.02 0.0888526
0.3767 0.02 0.0881272
0.399627 0.02 0.0866679
0.423869 0.02 0.0845175
0.448992 0.02 0.0821285
0.477043 0.02 0.0785284
0.506311 0.02 0.0747677
0.541744 0.02 0.068637
0.0201087 0.02 0.0895008
0.0479066 0.02 0.0979464
0.0686495 0.02 0.099036
0.0900179 0.02 0.0994552
0.110464 0.02 0.099494
0.131074 0.02 0.100035
0.152468 0.02 0.104276
0.171587 0.02 0.103898
0.191036 0.02 0.104545
0.210958 0.02 0.104718
0.230956 0.02 0.104673
0.250988 0.02 0.104387
0.271152 0.02 0.104234
0.291517 0.02 0.103954
0.312176 0.02 0.103582
0.333188 0.02 0.102727
0.354495 0.02 0.101551
0.376437 0.02 0.100266
0.399184 0.02 0.0985202
0.423235 0.02 0.0964813
0.448342 0.02 0.093422
0.476668 0.02 0.0898933
0.506282 0.02 0.0853828
0.549066 0.02 0.074167
0.0201479 0.02 0.0890331
0.0462608 0.02 0.0942135
0.0688296 0.02 0.0975035
0.0897304 0.02 0.0972138
0.110433 0.02 0.0976561
0.131119 0.02 0.0970859
0.151128 0.02 0.0966586
0.171078 0.02 0.0973318
0.190865 0.02 0.0981527
0.210877 0.02 0.0986927
0.231005 0.02 0.0985036
0.250981 0.02 0.0980668
0.27115 0.02 0.0981621
0.291533 0.02 0.0978949
0.312254 0.02 0.0976827
0.333358 0.02 0.096789
0.354684 0.02 0.0955226
0.37661 0.02 0.0942449
0.399506 0.02 0.0926243
0.423442 0.02 0.0906355
0.448792 0.02 0.0879777
0.47676 0.02 0.0845771
0.506279 0.02 0.0804313
0.546518 0.02 0.0709173
0.0213217 0.02 0.0814245
0.0487639 0.0210443 0.0861468
0.0684631 0.0224446 0.0854553
0.0901414 0.0219029 0.0864993
0.110203 0.0216169 0.0855795
0.130379 0.0210941 0.086126
0.150545 0.0201329 0.0845556
0.170429 0.02 0.0843066
0.19058 0.02 0.0848849
0.210805 0.020158 0.0852875
0.231055 0.02 0.085228
0.251018 0.02 0.0848687
0.271224 0.02 0.0850261
0.291701 0.02 0.084761
0.31231 0.0201161 0.0846211
0.333581 0.02 0.0840736
0.354717 0.02 0.0835509
0.376859 0.0200874 0.0831403
0.399749 0.02 0.0820689
0.423819 0.02 0.080591
0.448799 0.02 0.0788567
0.476413 0.02 0.0768841
0.505025 0.02 0.0743088
0.542081 0.02 0.068596
0.0236607 0.0235118 0.0759676
0.0480106 0.0254026 0.0774356
0.0688531 0.0261338 0.0759886
0.0899335 0.0263207 0.0763168
0.109991 0.0258802 0.0759851
0.13049 0.0260831 0.0764316
0.150591 0.0247702 0.076611
0.170571 0.0245633 0.0765383
0.190553 0.0247931 0.0763585
0.210711 0.0252304 0.076324
0.230999 0.0246744 0.076722
0.25102 0.0241503 0.07691
0.271264 0.0245192 0.0766489
0.291819 0.0245197 0.0764971
0.312322 0.0245507 0.0761576
0.333666 0.0242722 0.0760197
0.354634 0.0240084 0.0759764
0.377015 0.024015 0.0758957
0.399833 0.0237982 0.0749229
0.42381 0.0234967 0.0732946
0.448609 0.0234053 0.071857
0.475442 0.0231116 0.0694828
0.502845 0.0225129 0.0671397
0.535721 0.0238393 0.0638015
0.0261994 0.028315 0.0701541
0.0486592 0.0298248 0.0686288
0.0691277 0.0309061 0.0678143
0.0899071 0.0309841 0.0667759
0.109956 0.0308039 0.0668455
0.130155 0.0309145 0.0662567
0.150241 0.0304976 0.0671046
0.170558 0.0306248 0.0668597
0.190733 0.0304408 0.066578
0.210626 0.0302699 0.0664611
0.230825 0.030471 0.0669025
0.25099 0.0302802 0.0673794
0.271441 0.0300337 0.0671333
0.291862 0.0296831 0.0672093
0.312379 0.0296444 0.0669972
0.333546 0.0295315 0.0667777
0.354656 0.0293272 0.0668327
0.377065 0.0292999 0.0666146
0.399877 0.0289671 0.0657274
0.423531 0.0283711 0.0644249
0.448318 0.0282467 0.0632678
0.474542 0.0276783 0.0607499
0.500957 0.0259379 0.0586356
0.530273 0.0262511 0.0574533
0.0276385 0.0342408 0.0653964
0.0487854 0.0352816 0.064363
0.0691576 0.0358759 0.0633743
0.0899056 0.0362094 0.0625155
0.110023 0.0359529 0.0623036
0.130148 0.0360105 0.0617696
0.150257 0.0357663 0.0619017
0.170509 0.0358729 0.0612623
0.190701 0.0356094 0.0613578
0.210588 0.035455 0.0616792
0.230782 0.0355829 0.0614553
0.250955 0.0354508 0.061546
0.271491 0.0351742 0.0618512
0.291817 0.0348488 0.0622613
0.312433 0.0347513 0.0620725
0.333427 0.0345858 0.0617076
0.354723 0.034353 0.0617835
0.376892 0.0340925 0.0615597
0.399693 0.0337269 0.0609313
0.42311 0.0330628 0.0598507
0.447598 0.0328384 0.0588602
0.4731 0.0321486 0.0575215
0.499201 0.0304001 0.0561173
0.526248 0.0299067 0.0549703
0.0201659 0.02 0.106578
0.0365884 0.02 0.109961
0.0578396 0.02 0.114033
0.0792709 0.02 0.115801
0.0999605 0.02 0.116385
0.120678 0.02 0.116663
0.141595 0.02 0.115425
0.161181 0.02 0.114184
0.180876 0.02 0.114175
0.200984 0.02 0.114537
0.220983 0.02 0.114593
0.240983 0.02 0.114417
0.261069 0.02 0.114199
0.281309 0.02 0.113962
0.301737 0.02 0.113621
0.322523 0.02 0.113033
0.343571 0.02 0.112075
0.365091 0.02 0.110899
0.387369 0.02 0.109359
0.410459 0.02 0.107437
0.435346 0.02 0.104482
0.460918 0.02 0.101126
0.491171 0.02 0.0956227
0.521404 0.02 0.0897552
0.555918 0.02 0.0828622
0.0201572 0.02 0.108233
0.0359443 0.02 0.112351
0.0578447 0.02 0.117113
0.0791618 0.02 0.118894
0.100012 0.02 0.119527
0.120698 0.02 0.119813
0.142079 0.02 0.118417
0.161725 0.02 0.116706
0.181003 0.02 0.116236
0.201028 0.02 0.116559
0.220998 0.02 0.116594
0.240982 0.02 0.116417
0.261067 0.02 0.116196
0.281296 0.02 0.115946
0.301725 0.02 0.1156
0.322495 0.02 0.115008
0.343537 0.02 0.114058
0.36505 0.02 0.112887
0.387309 0.02 0.11136
0.410406 0.02 0.109445
0.435209 0.02 0.106529
0.460867 0.02 0.103124
0.490935 0.02 0.0976319
0.522156 0.02 0.0911209
0.556662 0.02 0.0835262
0.0201695 0.02 0.109661
0.0345449 0.02 0.11442
0.0576238 0.02 0.121286
0.0791055 0.02 0.123154
0.0999795 0.02 0.123767
0.120547 0.02 0.12425
0.141984 0.02 0.123509
