0.0199994 0.02 0.02
0.0399816 0.02 0.0199829
0.060001 0.02 0.0199672
0.0799997 0.02 0.0199683
0.100001 0.02 0.0199684
0.12 0.02 0.0199688
0.140017 0.02 0.0199843
0.16 0.02 0.02
0.18 0.02 0.02
0.2 0.02 0.02
0.22 0.02 0.02
0.24 0.02 0.02
0.26 0.02 0.02
0.28 0.02 0.02
0.3 0.02 0.02
0.32 0.02 0.02
0.34 0.02 0.02
0.36 0.02 0.02
0.38 0.02 0.02
0.4 0.02 0.02
0.42 0.02 0.02
0.44 0.02 0.02
0.46 0.02 0.02
0.48 0.02 0.02
0.5 0.02 0.02
0.02 0.0324683 0.0199988
0.0398979 0.0325251 0.02
0.0600036 0.0323678 0.02
0.0799985 0.0323572 0.02
0.100003 0.0323554 0.02
0.120004 0.0323625 0.02
0.140093 0.0324654 0.02
0.160005 0.0326403 0.02
0.18 0.0326782 0.02
0.2 0.0326875 0.02
0.22 0.0326897 0.02
0.24 0.0326902 0.02
0.26 0.0326902 0.02
0.28 0.0326902 0.02
0.3 0.0326902 0.02
0.32 0.0326902 0.02
0.34 0.0326902 0.02
0.36 0.0326903 0.02
0.38 0.0326903 0.02
0.4 0.0326905 0.02
0.42 0.0326916 0.02
0.44 0.0326963 0.02
0.46 0.0327158 0.02
0.48 0.0328083 0.02
0.5 0.0327076 0.02
0.02 0.0492654 0.0199988
0.0398977 0.0494558 0.02
0.0600038 0.0495147 0.02
0.0799986 0.0494994 0.02
0.100003 0.0494973 0.02
0.120004 0.0495023 0.02
0.140094 0.049452 0.02
0.160005 0.0494162 0.02
0.18 0.0494441 0.02
0.2 0.0494543 0.02
0.22 0.0494567 0.02
0.24 0.0494572 0.02
0.26 0.0494573 0.02
0.28 0.0494573 0.02
0.3 0.0494573 0.02
0.32 0.0494573 0.02
0.34 0.0494573 0.02
0.36 0.0494574 0.02
0.38 0.0494574 0.02
0.4 0.0494577 0.02
0.42 0.0494588 0.02
0.44 0.0494631 0.02
0.46 0.0494786 0.02
0.48 0.0495079 0.02
0.5 0.0493987 0.02
0.02 0.0679882 0.02
0.0399955 0.068063 0.02
0.06 0.0680702 0.02
0.08 0.0680663 0.02
0.1 0.0680658 0.02
0.12 0.0680699 0.02
0.140004 0.0680667 0.02
0.16 0.0680368 0.02
0.18 0.0680413 0.02
0.2 0.0680456 0.02
0.22 0.068047 0.02
0.24 0.0680473 0.02
0.26 0.0680474 0.02
0.28 0.0680474 0.02
0.3 0.0680474 0.02
0.32 0.0680474 0.02
0.34 0.0680474 0.02
0.36 0.0680474 0.02
0.38 0.0680474 0.02
0.4 0.0680476 0.02
0.42 0.0680483 0.02
0.44 0.0680505 0.02
0.46 0.0680554 0.02
0.48 0.0680603 0.02
0.5 0.0679748 0.02
0.02 0.0875609 0.02
0.04 0.0875873 0.02
0.06 0.0875884 0.02
0.08 0.0875878 0.02
0.1 0.0875878 0.02
0.12 0.0875887 0.02
0.14 0.0875891 0.02
0.16 0.0875886 0.02
0.18 0.0875889 0.02
0.2 0.0875897 0.02
0.22 0.0875901 0.02
0.24 0.0875903 0.02
0.26 0.0875903 0.02
0.28 0.0875903 0.02
0.3 0.0875903 0.02
0.32 0.0875903 0.02
0.34 0.0875904 0.02
0.36 0.0875904 0.02
0.38 0.0875904 0.02
0.4 0.0875905 0.02
0.42 0.0875908 0.02
0.44 0.0875915 0.02
0.46 0.0875923 0.02
0.48 0.0875907 0.02
0.5 0.0875625 0.02
0.02 0.107449 0.02
0.04 0.107457 0.02
0.06 0.107457 0.02
0.08 0.107458 0.02
0.1 0.107458 0.02
0.12 0.107458 0.02
0.14 0.107458 0.02
0.16 0.107457 0.02
0.18 0.107457 0.02
0.2 0.107457 0.02
0.22 0.107457 0.02
0.24 0.107457 0.02
0.26 0.107457 0.02
0.28 0.107457 0.02
0.3 0.107457 0.02
0.32 0.107457 0.02
0.34 0.107457 0.02
0.36 0.107457 0.02
0.38 0.107457 0.02
0.4 0.107457 0.02
0.42 0.107457 0.02
0.44 0.107458 0.02
0.46 0.107458 0.02
0.48 0.107456 0.02
0.5 0.107449 0.02
0.02 0.127423 0.02
0.04 0.127425 0.02
0.06 0.127425 0.02
0.08 0.127425 0.02
0.1 0.127425 0.02
0.12 0.127425 0.02
0.14 0.127425 0.02
0.16 0.127425 0.02
0.18 0.127425 0.02
0.2 0.127425 0.02
0.22 0.127425 0.02
0.24 0.127425 0.02
0.26 0.127425 0.02
0.28 0.127425 0.02
0.3 0.127425 0.02
0.32 0.127425 0.02
0.34 0.127425 0.02
0.36 0.127425 0.02
0.38 0.127425 0.02
0.4 0.127425 0.02
0.42 0.127425 0.02
0.44 0.127425 0.02
0.46 0.127425 0.02
0.48 0.127425 0.02
0.5 0.127423 0.02
0.0299683 0.0241204 0.0300005
0.0499714 0.0239093 0.0300012
0.0700016 0.0238406 0.0300016
0.0900002 0.0238332 0.0300016
0.110001 0.0238376 0.0300015
0.130028 0.023866 0.0300011
0.150029 0.0240809 0.0300004
0.17 0.0241913 0.03
0.19 0.0242045 0.03
0.21 0.024209 0.03
0.23 0.0242098 0.03
0.25 0.02421 0.03
0.27 0.02421 0.03
0.29 0.02421 0.03
0.31 0.02421 0.03
0.33 0.02421 0.03
0.35 0.02421 0.03
0.37 0.02421 0.03
0.39 0.0242101 0.03
0.41 0.0242105 0.03
0.43 0.0242125 0.03
0.45 0.0242221 0.03
0.47 0.0242836 0.03
0.49 0.0243837 0.03
0.0298912 0.041072 0.0300008
0.0499033 0.0411299 0.0300112
0.0700067 0.0411045 0.0300109
0.0900008 0.0411003 0.0300111
0.110003 0.041098 0.0300107
0.1301 0.0411216 0.030011
0.1501 0.0411008 0.0300007
0.17 0.0412231 0.0300001
0.19 0.0412568 0.03
0.21 0.0412627 0.03
0.23 0.0412639 0.03
0.25 0.0412641 0.03
0.27 0.0412642 0.03
0.29 0.0412642 0.03
0.31 0.0412642 0.03
0.33 0.0412642 0.03
0.35 0.0412642 0.03
0.37 0.0412642 0.03
0.39 0.0412643 0.03
0.41 0.0412649 0.03
0.43 0.0412674 0.03
0.45 0.0412777 0.03
0.47 0.0413045 0.03
0.49 0.0414326 0.03
0.0299721 0.0586917 0.0300005
0.0499748 0.0588292 0.0300013
0.0700016 0.0588321 0.0300017
0.0900003 0.0588284 0.0300017
0.110001 0.058828 0.0300016
0.130025 0.0588167 0.0300012
0.150026 0.0586801 0.0300005
0.17 0.0586456 0.03
0.19 0.0586543 0.03
0.21 0.0586582 0.03
0.23 0.0586591 0.03
0.25 0.0586594 0.03
0.27 0.0586594 0.03
0.29 0.0586594 0.03
0.31 0.0586594 0.03
0.33 0.0586594 0.03
0.35 0.0586594 0.03
0.37 0.0586594 0.03
0.39 0.0586595 0.03
0.41 0.05866 0.03
0.43 0.0586618 0.03
0.45 0.0586675 0.03
0.47 0.0586824 0.03
0.49 0.0586825 0.03
0.0299997 0.0777678 0.0300001
0.0499998 0.0777766 0.0300002
0.07 0.0777754 0.0300003
0.09 0.0777743 0.0300003
0.11 0.0777752 0.0300003
0.13 0.0777798 0.0300002
0.15 0.0777666 0.0300001
0.17 0.0777519 0.03
0.19 0.077755 0.03
0.21 0.0777564 0.03
0.23 0.0777569 0.03
0.25 0.077757 0.03
0.27 0.077757 0.03
0.29 0.077757 0.03
0.31 0.077757 0.03
0.33 0.077757 0.03
0.35 0.077757 0.03
0.37 0.077757 0.03
0.39 0.0777571 0.03
0.41 0.0777574 0.03
0.43 0.0777582 0.03
0.45 0.0777601 0.03
0.47 0.0777622 0.03
0.49 0.0777449 0.03
0.03 0.0974977 0.03
0.05 0.0975037 0.03
0.07 0.0975038 0.03
0.09 0.0975037 0.03
0.11 0.0975039 0.03
0.13 0.0975041 0.03
0.15 0.0975031 0.03
0.17 0.097502 0.03
0.19 0.097502 0.03
0.21 0.0975024 0.03
0.23 0.0975025 0.03
0.25 0.0975026 0.03
0.27 0.0975026 0.03
0.29 0.0975026 0.03
0.31 0.0975026 0.03
0.33 0.0975026 0.03
0.35 0.0975026 0.03
0.37 0.0975026 0.03
0.39 0.0975026 0.03
0.41 0.0975027 0.03
0.43 0.097503 0.03
0.45 0.0975033 0.03
0.47 0.0975029 0.03
0.49 0.0974966 0.03
0.03 0.117433 0.03
0.05 0.117435 0.03
0.07 0.117435 0.03
0.09 0.117435 0.03
0.11 0.117435 0.03
0.13 0.117435 0.03
0.15 0.117435 0.03
0.17 0.117435 0.03
0.19 0.117435 0.03
0.21 0.117435 0.03
0.23 0.117435 0.03
0.25 0.117435 0.03
0.27 0.117435 0.03
0.29 0.117435 0.03
0.31 0.117435 0.03
0.33 0.117435 0.03
0.35 0.117435 0.03
0.37 0.117435 0.03
0.39 0.117435 0.03
0.41 0.117435 0.03
0.43 0.117435 0.03
0.45 0.117435 0.03
0.47 0.117435 0.03
0.49 0.117433 0.03
0.03 0.13742 0.03
0.05 0.13742 0.03
0.07 0.13742 0.03
0.09 0.13742 0.03
0.11 0.13742 0.03
0.13 0.13742 0.03
0.15 0.13742 0.03
0.17 0.13742 0.03
0.19 0.13742 0.03
0.21 0.13742 0.03
0.23 0.13742 0.03
0.25 0.13742 0.03
0.27 0.13742 0.03
0.29 0.13742 0.03
0.31 0.13742 0.03
0.33 0.13742 0.03
0.35 0.13742 0.03
0.37 0.13742 0.03
0.39 0.13742 0.03
0.41 0.13742 0.03
0.43 0.13742 0.03
0.45 0.13742 0.03
0.47 0.13742 0.03
0.49 0.13742 0.03
0.0199994 0.02 0.0400002
0.0399815 0.02 0.0400182
0.060001 0.02 0.0400346
0.0799997 0.02 0.0400337
0.100001 0.02 0.0400336
0.12 0.02 0.040033
0.140017 0.02 0.0400166
0.16 0.02 0.0400002
0.18 0.02 0.04
0.2 0.02 0.04
0.22 0.02 0.04
0.24 0.02 0.04
0.26 0.02 0.04
0.28 0.02 0.04
0.3 0.02 0.04
0.32 0.02 0.04
0.34 0.02 0.04
0.36 0.02 0.04
0.38 0.02 0.04
0.4 0.02 0.04
0.42 0.02 0.04
0.44 0.02 0.04
0.46 0.02 0.04
0.48 0.02 0.04
0.5 0.02 0.04
0.02 0.0324544 0.0400018
0.0398982 0.0325109 0.0400992
0.0600036 0.0323568 0.0401875
0.0799985 0.032346 0.0401827
0.100003 0.0323443 0.040182
0.120004 0.0323493 0.0401784
0.140094 0.0325198 0.0400911
0.160005 0.0327991 0.0400017
0.18 0.032923 0.04
0.2 0.0329347 0.04
0.22 0.0329369 0.04
0.24 0.0329373 0.04
0.26 0.0329374 0.04
0.28 0.0329374 0.04
0.3 0.0329374 0.04
0.32 0.0329374 0.04
0.34 0.0329374 0.04
0.36 0.0329374 0.04
0.38 0.0329374 0.04
0.4 0.0329376 0.04
0.42 0.0329386 0.04
0.44 0.0329433 0.04
0.46 0.0329636 0.04
0.48 0.0330853 0.04
0.5 0.0329658 0.04
0.02 0.0493585 0.0400018
0.0398982 0.0495654 0.0400992
0.0600038 0.0496132 0.0401888
0.0799986 0.049597 0.040184
0.100003 0.0495947 0.0401832
0.120004 0.0496022 0.0401797
0.140094 0.0495631 0.040091
