0.019982 0.02 0.0736606
0.0455544 0.02 0.072771
0.0576745 0.02 0.0868541
0.0829245 0.02 0.0863588
0.0981741 0.02 0.0851756
0.120798 0.02 0.0863494
0.135633 0.02 0.0801772
0.155821 0.02 0.0770886
0.177359 0.02 0.0786661
0.201068 0.02 0.0877183
0.221687 0.02 0.0868444
0.237485 0.02 0.0803995
0.259251 0.02 0.0821813
0.281123 0.02 0.0846121
0.303659 0.02 0.0856713
0.325797 0.02 0.0866526
0.343628 0.02 0.0770786
0.365963 0.02 0.0771538
0.390822 0.02 0.0760624
0.416422 0.02 0.0748822
0.448851 0.02 0.068553
0.46999 0.02 0.072174
0.509553 0.02 0.0777097
0.534605 0.02 0.0580466
0.575225 0.02 0.0617681
0.0199796 0.02 0.0549004
0.0336087 0.02 0.0809052
0.0615281 0.02 0.0731332
0.0786556 0.02 0.0713269
0.102499 0.02 0.0732003
0.121027 0.02 0.0705291
0.144465 0.02 0.0766916
0.165701 0.02 0.0772932
0.186279 0.02 0.0794544
0.203141 0.02 0.070786
0.221992 0.02 0.0734333
0.246523 0.02 0.0766242
0.268546 0.02 0.0762785
0.287725 0.02 0.072909
0.307727 0.02 0.0728271
0.326639 0.02 0.0717583
0.3526 0.02 0.0782809
0.37725 0.02 0.0756252
0.401989 0.02 0.0755368
0.428078 0.02 0.0738096
0.447992 0.02 0.0826337
0.482346 0.02 0.0694483
0.51038 0.02 0.0549853
0.546398 0.02 0.0746676
0.575739 0.02 0.0618287
0.0199808 0.02 0.0655588
0.0431306 0.02 0.0496864
0.0648382 0.02 0.0530206
0.0798449 0.02 0.0538683
0.100095 0.02 0.0579177
0.119055 0.02 0.05174
0.141962 0.02 0.0579171
0.162846 0.02 0.0543887
0.183029 0.02 0.0591843
0.201444 0.02 0.0507523
0.222261 0.02 0.0568791
0.24181 0.02 0.0576189
0.26166 0.02 0.0593456
0.282986 0.02 0.053603
0.303989 0.02 0.0573018
0.326689 0.02 0.0520121
0.34907 0.02 0.0590551
0.372772 0.02 0.0562273
0.396884 0.02 0.0576518
0.422123 0.02 0.0563885
0.446359 0.02 0.0525347
0.476557 0.02 0.0557981
0.501606 0.02 0.0563563
0.542998 0.02 0.052
0.57665 0.02 0.0617089
0.0199821 0.02 0.0512096
0.0429436 0.02 0.0514186
0.0574186 0.02 0.045579
0.081066 0.02 0.0472737
0.0987941 0.02 0.042502
0.120635 0.02 0.0452809
0.137392 0.02 0.0432053
0.160356 0.02 0.0462456
0.179858 0.02 0.0408119
0.201724 0.02 0.0452721
0.221339 0.02 0.042004
0.242349 0.02 0.0442747
0.26434 0.02 0.0435027
0.283707 0.02 0.0472829
0.305713 0.02 0.0440986
0.326868 0.02 0.046971
0.349688 0.02 0.0453031
0.372966 0.02 0.0507066
0.396444 0.02 0.0494083
0.421925 0.02 0.0505638
0.447003 0.02 0.048114
0.475873 0.02 0.0504886
0.506603 0.02 0.0491672
0.54096 0.02 0.0489087
0.574737 0.02 0.0607242
0.0199935 0.02 0.0509281
0.0370663 0.02 0.050106
0.0570527 0.02 0.0478286
0.0793468 0.02 0.0482416
0.0996481 0.02 0.0440311
0.120353 0.02 0.0466564
0.139063 0.02 0.0444858
0.160793 0.02 0.0470909
0.180356 0.02 0.0437769
0.201556 0.02 0.0463122
0.221473 0.02 0.0434527
0.24243 0.02 0.0466611
0.264147 0.02 0.0451953
0.283863 0.02 0.0482203
0.305912 0.02 0.0454271
0.326981 0.02 0.0485474
0.349371 0.02 0.0477238
0.372775 0.02 0.0509798
0.396219 0.02 0.049868
0.421632 0.02 0.0511751
0.44657 0.02 0.0496012
0.474345 0.02 0.0499556
0.505693 0.02 0.0496955
0.536441 0.02 0.0499932
0.571019 0.02 0.0593821
0.02 0.0234053 0.070297
0.0379631 0.0291066 0.0588641
0.0580167 0.0277873 0.0577226
0.0794657 0.0277882 0.0586075
0.0997247 0.0269442 0.0567396
0.120155 0.0272459 0.0556016
0.139993 0.0262046 0.0558552
0.16068 0.0256569 0.0550924
0.18063 0.0257681 0.0552104
0.201226 0.0260796 0.054568
0.221942 0.0264086 0.0543425
0.242386 0.0245075 0.0560075
0.26332 0.0255952 0.0558068
0.284081 0.0257661 0.0553332
0.305593 0.0252749 0.0559492
0.327131 0.0246308 0.0561151
0.349175 0.0238807 0.0572515
0.372249 0.0228362 0.0567654
0.396085 0.0226227 0.0567488
0.421368 0.0211016 0.0560064
0.446067 0.0205231 0.0559847
0.473018 0.02 0.0558757
0.502565 0.02 0.0542641
0.531554 0.02 0.0556203
0.565796 0.02 0.0582902
0.02 0.0264177 0.0626588
0.0379367 0.0292248 0.0678017
0.0583309 0.029379 0.0657182
0.0792572 0.0303383 0.0635149
0.0997027 0.0299642 0.0621871
0.120021 0.0296568 0.0618309
0.140194 0.02955 0.060806
0.160796 0.0288515 0.0607189
0.180708 0.0291068 0.0597519
0.201206 0.0286693 0.0607343
0.221844 0.0292774 0.0606735
0.242266 0.0281261 0.0601993
0.263024 0.0288806 0.0607013
0.283833 0.0281195 0.0617203
0.305343 0.0283068 0.0612868
0.32679 0.0275807 0.0612211
0.348974 0.0272463 0.060774
0.371875 0.0263849 0.06112
0.395651 0.0261915 0.0608775
0.420657 0.0252744 0.0600052
0.445378 0.0242572 0.0583141
0.472003 0.0229332 0.0580153
0.500377 0.0231029 0.0579549
0.529308 0.02175 0.0564903
0.560161 0.020473 0.0571859
0.0285912 0.02 0.108921
0.0491704 0.02 0.111227
0.069306 0.02 0.111696
0.0902028 0.02 0.112498
0.110494 0.02 0.112027
0.131709 0.02 0.112344
0.151149 0.02 0.111595
0.171126 0.02 0.111625
0.191224 0.02 0.111916
0.211572 0.02 0.112555
0.231814 0.02 0.112154
0.252233 0.02 0.111775
0.272838 0.02 0.111547
0.293728 0.02 0.11101
0.314889 0.02 0.110425
0.336767 0.02 0.109537
0.359075 0.02 0.10841
0.382523 0.02 0.10713
0.406938 0.02 0.105062
0.432964 0.02 0.102244
0.459879 0.02 0.0992541
0.490199 0.02 0.0948859
0.521405 0.02 0.0904746
0.559414 0.02 0.0833975
0.0201976 0.02 0.111423
0.0480095 0.02 0.120284
0.0687068 0.02 0.121459
0.090066 0.02 0.121942
0.110534 0.02 0.121919
0.131197 0.02 0.122368
0.152683 0.02 0.126558
0.171912 0.02 0.125997
0.191482 0.02 0.12656
0.211567 0.02 0.12663
0.231779 0.02 0.126448
0.252102 0.02 0.126003
0.272635 0.02 0.125667
0.293466 0.02 0.125145
0.31472 0.02 0.124472
0.336524 0.02 0.123238
0.358856 0.02 0.12159
0.382075 0.02 0.119728
0.406308 0.02 0.117342
0.432094 0.02 0.114613
0.459018 0.02 0.110868
0.489575 0.02 0.106526
0.521163 0.02 0.101267
0.566871 0.02 0.0889189
0.0202324 0.02 0.110927
0.0463329 0.02 0.116339
0.0688723 0.02 0.119847
0.0897613 0.02 0.119579
0.110494 0.02 0.119987
0.131227 0.02 0.119284
0.151326 0.02 0.118677
0.171404 0.02 0.119216
0.191321 0.02 0.119961
0.2115 0.02 0.120401
0.231849 0.02 0.120087
0.252126 0.02 0.1195
0.272672 0.02 0.119412
0.29353 0.02 0.118887
0.314848 0.02 0.118366
0.336739 0.02 0.117114
0.359108 0.02 0.115396
0.382326 0.02 0.113545
0.406723 0.02 0.111281
0.432411 0.02 0.108596
0.45958 0.02 0.105278
0.489771 0.02 0.101085
0.521228 0.02 0.0962472
0.564284 0.02 0.0856595
0.0213136 0.02 0.102681
0.0487152 0.02 0.107625
0.0683351 0.02 0.106914
0.0900652 0.02 0.108163
0.110173 0.02 0.107113
0.130416 0.02 0.107636
0.15069 0.02 0.105735
0.170795 0.02 0.10536
0.191051 0.02 0.106029
0.211499 0.02 0.10635
0.231963 0.02 0.106053
0.252292 0.02 0.105543
0.272897 0.02 0.105582
0.293879 0.02 0.105047
0.315059 0.02 0.104614
0.337115 0.02 0.103753
0.359341 0.02 0.102821
0.382803 0.02 0.101867
0.407156 0.02 0.100237
0.43299 0.02 0.0981571
0.459738 0.02 0.0958814
0.489545 0.02 0.0932253
0.520038 0.02 0.0900363
0.559761 0.02 0.0833529
0.0235584 0.02 0.0966241
0.0478312 0.02 0.0982114
0.0685496 0.02 0.0966658
0.0897232 0.02 0.0971918
0.109822 0.02 0.0968105
0.130476 0.02 0.0974089
0.150673 0.02 0.097335
0.171014 0.02 0.0971245
0.190997 0.02 0.0969495
0.211501 0.02 0.0967554
0.231925 0.02 0.0969865
0.25244 0.02 0.0971338
0.273047 0.02 0.0966419
0.294172 0.02 0.0961957
0.315192 0.02 0.0955535
0.337289 0.02 0.0952799
0.359402 0.02 0.0948619
0.383137 0.02 0.0942004
0.407373 0.02 0.092698
0.433109 0.02 0.0905104
0.459686 0.02 0.0885979
0.488582 0.02 0.0855955
0.51788 0.02 0.082673
0.553213 0.02 0.0785545
0.0259945 0.0201759 0.0901333
0.0483938 0.0213712 0.0885486
0.0687034 0.0222241 0.0874017
0.0896137 0.0226809 0.0861494
0.109678 0.0226662 0.0862461
0.129898 0.0235847 0.0858984
0.150222 0.0230504 0.0864543
0.17117 0.0232462 0.0860579
0.191253 0.0235306 0.0859149
0.211455 0.0228563 0.0853049
0.231744 0.0231866 0.0858142
0.252631 0.023099 0.086449
0.273338 0.0227908 0.086031
0.294357 0.0219959 0.0857216
0.315367 0.021785 0.085306
0.337194 0.0219904 0.0851121
0.359613 0.0217903 0.0847424
0.383341 0.0217015 0.084027
0.407549 0.0214686 0.0827226
0.432903 0.0209951 0.0809496
0.459501 0.0209347 0.0794318
0.487624 0.0205555 0.0764389
0.516089 0.02 0.0738868
0.547593 0.02 0.0721796
0.0273382 0.0255706 0.0847251
0.048478 0.0261642 0.0836432
0.0686333 0.0266074 0.0822001
0.0896556 0.0272322 0.0808209
0.109675 0.0272523 0.0802465
0.129979 0.0278865 0.0792582
0.150268 0.0278053 0.0799021
0.171056 0.0279537 0.0790129
0.191181 0.0275379 0.0783725
0.211426 0.0272417 0.0787083
0.23177 0.0273531 0.0786603
0.252598 0.0274917 0.0790078
0.273502 0.0269847 0.0790213
0.294392 0.0264091 0.07959
0.315475 0.0261998 0.0794641
0.337217 0.0264295 0.079009
0.359792 0.0262418 0.0788478
0.383235 0.0260415 0.0783146
0.407428 0.0257549 0.0773953
0.432515 0.0251832 0.0759476
0.458773 0.0250144 0.0746474
0.486059 0.0245759 0.072989
0.514271 0.0231376 0.0713061
0.543388 0.0227913 0.0697289
0.0203775 0.02 0.12926
0.0367904 0.02 0.132736
0.0580085 0.02 0.136974
0.0794066 0.02 0.13885
0.100084 0.02 0.139427
0.120819 0.02 0.13961
0.141778 0.02 0.138161
0.161442 0.02 0.136667
0.181247 0.02 0.136464
0.20149 0.02 0.136715
0.221665 0.02 0.136654
0.241905 0.02 0.136337
0.262307 0.02 0.135954
0.282952 0.02 0.135507
0.303894 0.02 0.134898
0.325354 0.02 0.133973
0.347289 0.02 0.132593
0.369958 0.02 0.130887
0.393641 0.02 0.128714
0.418336 0.02 0.126111
0.445078 0.02 0.122414
0.472491 0.02 0.118359
0.505114 0.02 0.111924
0.537098 0.02 0.105392
0.573951 0.02 0.097614
0.0203775 0.02 0.130968
0.0361581 0.02 0.135192
0.0580261 0.02 0.140136
0.0793089 0.02 0.142022
0.100144 0.02 0.142648
0.120845 0.02 0.142839
0.142266 0.02 0.141228
0.161987 0.02 0.139247
0.181372 0.02 0.138568
0.20153 0.02 0.138776
0.221676 0.02 0.138694
0.241897 0.02 0.138378
0.262295 0.02 0.13799
0.282928 0.02 0.137531
0.303871 0.02 0.136915
0.325313 0.02 0.135986
0.347242 0.02 0.134611
0.369903 0.02 0.132908
0.393562 0.02 0.13075
0.41826 0.02 0.128156
0.44491 0.02 0.124497
0.472397 0.02 0.120394
0.504821 0.02 0.113973
0.53786 0.02 0.106763
0.574716 0.02 0.0982747
0.0203975 0.02 0.132444
0.0347691 0.02 0.137314
0.0578223 0.02 0.144424
0.0792644 0.02 0.146374
0.10012 0.02 0.146976
0.1207 0.02 0.147367
0.142173 0.02 0.146434
