0.02 0.02 0.02
0.04 0.02 0.02
0.06 0.02 0.02
0.08 0.02 0.02
0.1 0.02 0.02
0.12 0.02 0.02
0.14 0.02 0.02
0.16 0.02 0.02
0.18 0.02 0.02
0.2 0.02 0.02
0.22 0.02 0.02
0.24 0.02 0.02
0.26 0.02 0.02
0.28 0.02 0.02
0.3 0.02 0.02
0.32 0.02 0.02
0.34 0.02 0.02
0.36 0.02 0.02
0.38 0.02 0.02
0.4 0.02 0.02
0.42 0.02 0.02
0.44 0.02 0.02
0.46 0.02 0.02
0.48 0.02 0.02
0.5 0.02 0.02
0.02 0.0387996 0.02
0.04 0.0388162 0.02
0.06 0.0388052 0.02
0.08 0.0388041 0.02
0.1 0.038804 0.02
0.12 0.0388039 0.02
0.14 0.0388039 0.02
0.16 0.0388071 0.02
0.18 0.0388074 0.02
0.2 0.0388074 0.02
0.22 0.0388074 0.02
0.24 0.0388074 0.02
0.26 0.0388074 0.02
0.28 0.0388074 0.02
0.3 0.0388074 0.02
0.32 0.0388074 0.02
0.34 0.0388074 0.02
0.36 0.0388074 0.02
0.38 0.0388074 0.02
0.4 0.0388074 0.02
0.42 0.0388074 0.02
0.44 0.0388076 0.02
0.46 0.0388087 0.02
0.48 0.0388199 0.02
0.5 0.038805 0.02
0.02 0.0585625 0.02
0.04 0.0585685 0.02
0.06 0.0585668 0.02
0.08 0.0585662 0.02
0.1 0.0585662 0.02
0.12 0.0585662 0.02
0.14 0.0585668 0.02
0.16 0.0585679 0.02
0.18 0.0585686 0.02
0.2 0.0585687 0.02
0.22 0.0585687 0.02
0.24 0.0585687 0.02
0.26 0.0585687 0.02
0.28 0.0585687 0.02
0.3 0.0585687 0.02
0.32 0.0585687 0.02
0.34 0.0585687 0.02
0.36 0.0585687 0.02
0.38 0.0585687 0.02
0.4 0.0585687 0.02
0.42 0.0585687 0.02
0.44 0.0585688 0.02
0.46 0.0585694 0.02
0.48 0.0585715 0.02
0.5 0.0585651 0.02
0.02 0.0785302 0.02
0.04 0.0785314 0.02
0.06 0.0785312 0.02
0.08 0.0785311 0.02
0.1 0.0785311 0.02
0.12 0.0785311 0.02
0.14 0.0785313 0.02
0.16 0.078531 0.02
0.18 0.0785311 0.02
0.2 0.0785312 0.02
0.22 0.0785312 0.02
0.24 0.0785312 0.02
0.26 0.0785312 0.02
0.28 0.0785312 0.02
0.3 0.0785312 0.02
0.32 0.0785312 0.02
0.34 0.0785312 0.02
0.36 0.0785312 0.02
0.38 0.0785312 0.02
0.4 0.0785312 0.02
0.42 0.0785312 0.02
0.44 0.0785312 0.02
0.46 0.0785313 0.02
0.48 0.0785316 0.02
0.5 0.0785301 0.02
0.02 0.0985261 0.02
0.04 0.0985262 0.02
0.06 0.0985262 0.02
0.08 0.0985262 0.02
0.1 0.0985262 0.02
0.12 0.0985262 0.02
0.14 0.0985262 0.02
0.16 0.0985262 0.02
0.18 0.0985262 0.02
0.2 0.0985262 0.02
0.22 0.0985262 0.02
0.24 0.0985262 0.02
0.26 0.0985262 0.02
0.28 0.0985262 0.02
0.3 0.0985262 0.02
0.32 0.0985262 0.02
0.34 0.0985262 0.02
0.36 0.0985262 0.02
0.38 0.0985262 0.02
0.4 0.0985262 0.02
0.42 0.0985262 0.02
0.44 0.0985262 0.02
0.46 0.0985263 0.02
0.48 0.0985263 0.02
0.5 0.0985261 0.02
0.02 0.118526 0.02
0.04 0.118526 0.02
0.06 0.118526 0.02
0.08 0.118526 0.02
0.1 0.118526 0.02
0.12 0.118526 0.02
0.14 0.118526 0.02
0.16 0.118526 0.02
0.18 0.118526 0.02
0.2 0.118526 0.02
0.22 0.118526 0.02
0.24 0.118526 0.02
0.26 0.118526 0.02
0.28 0.118526 0.02
0.3 0.118526 0.02
0.32 0.118526 0.02
0.34 0.118526 0.02
0.36 0.118526 0.02
0.38 0.118526 0.02
0.4 0.118526 0.02
0.42 0.118526 0.02
0.44 0.118526 0.02
0.46 0.118526 0.02
0.48 0.118526 0.02
0.5 0.118526 0.02
0.02 0.138526 0.02
0.04 0.138526 0.02
0.06 0.138526 0.02
0.08 0.138526 0.02
0.1 0.138526 0.02
0.12 0.138526 0.02
0.14 0.138526 0.02
0.16 0.138526 0.02
0.18 0.138526 0.02
0.2 0.138526 0.02
0.22 0.138526 0.02
0.24 0.138526 0.02
0.26 0.138526 0.02
0.28 0.138526 0.02
0.3 0.138526 0.02
0.32 0.138526 0.02
0.34 0.138526 0.02
0.36 0.138526 0.02
0.38 0.138526 0.02
0.4 0.138526 0.02
0.42 0.138526 0.02
0.44 0.138526 0.02
0.46 0.138526 0.02
0.48 0.138526 0.02
0.5 0.138526 0.02
0.03 0.0290022 0.03
0.05 0.0289877 0.03
0.07 0.0289809 0.03
0.09 0.0289805 0.03
0.11 0.0289804 0.03
0.13 0.0289799 0.03
0.15 0.0289813 0.03
0.17 0.0289828 0.03
0.19 0.0289825 0.03
0.21 0.0289825 0.03
0.23 0.0289825 0.03
0.25 0.0289825 0.03
0.27 0.0289825 0.03
0.29 0.0289825 0.03
0.31 0.0289825 0.03
0.33 0.0289825 0.03
0.35 0.0289825 0.03
0.37 0.0289825 0.03
0.39 0.0289825 0.03
0.41 0.0289826 0.03
0.43 0.0289826 0.03
0.45 0.0289831 0.03
0.47 0.0289898 0.03
0.49 0.0290056 0.03
0.03 0.0486665 0.03
0.05 0.0486603 0.03
0.07 0.0486586 0.03
0.09 0.0486582 0.03
0.11 0.0486581 0.03
0.13 0.0486586 0.03
0.15 0.0486623 0.03
0.17 0.0486664 0.03
0.19 0.0486672 0.03
0.21 0.0486673 0.03
0.23 0.0486673 0.03
0.25 0.0486673 0.03
0.27 0.0486673 0.03
0.29 0.0486673 0.03
0.31 0.0486673 0.03
0.33 0.0486673 0.03
0.35 0.0486673 0.03
0.37 0.0486673 0.03
0.39 0.0486673 0.03
0.41 0.0486673 0.03
0.43 0.0486673 0.03
0.45 0.0486678 0.03
0.47 0.0486699 0.03
0.49 0.048678 0.03
0.03 0.0685449 0.03
0.05 0.0685449 0.03
0.07 0.0685444 0.03
0.09 0.0685443 0.03
0.11 0.0685443 0.03
0.13 0.0685445 0.03
0.15 0.0685445 0.03
0.17 0.0685445 0.03
0.19 0.0685447 0.03
0.21 0.0685447 0.03
0.23 0.0685447 0.03
0.25 0.0685447 0.03
0.27 0.0685447 0.03
0.29 0.0685447 0.03
0.31 0.0685447 0.03
0.33 0.0685447 0.03
0.35 0.0685447 0.03
0.37 0.0685447 0.03
0.39 0.0685447 0.03
0.41 0.0685447 0.03
0.43 0.0685447 0.03
0.45 0.0685448 0.03
0.47 0.0685454 0.03
0.49 0.0685454 0.03
0.03 0.0885277 0.03
0.05 0.0885278 0.03
0.07 0.0885277 0.03
0.09 0.0885277 0.03
0.11 0.0885277 0.03
0.13 0.0885278 0.03
0.15 0.0885277 0.03
0.17 0.0885275 0.03
0.19 0.0885276 0.03
0.21 0.0885276 0.03
0.23 0.0885276 0.03
0.25 0.0885276 0.03
0.27 0.0885276 0.03
0.29 0.0885276 0.03
0.31 0.0885276 0.03
0.33 0.0885276 0.03
0.35 0.0885276 0.03
0.37 0.0885276 0.03
0.39 0.0885276 0.03
0.41 0.0885276 0.03
0.43 0.0885276 0.03
0.45 0.0885276 0.03
0.47 0.0885277 0.03
0.49 0.0885275 0.03
0.03 0.108526 0.03
0.05 0.108526 0.03
0.07 0.108526 0.03
0.09 0.108526 0.03
0.11 0.108526 0.03
0.13 0.108526 0.03
0.15 0.108526 0.03
0.17 0.108526 0.03
0.19 0.108526 0.03
0.21 0.108526 0.03
0.23 0.108526 0.03
0.25 0.108526 0.03
0.27 0.108526 0.03
0.29 0.108526 0.03
0.31 0.108526 0.03
0.33 0.108526 0.03
0.35 0.108526 0.03
0.37 0.108526 0.03
0.39 0.108526 0.03
0.41 0.108526 0.03
0.43 0.108526 0.03
0.45 0.108526 0.03
0.47 0.108526 0.03
0.49 0.108526 0.03
0.03 0.128526 0.03
0.05 0.128526 0.03
0.07 0.128526 0.03
0.09 0.128526 0.03
0.11 0.128526 0.03
0.13 0.128526 0.03
0.15 0.128526 0.03
0.17 0.128526 0.03
0.19 0.128526 0.03
0.21 0.128526 0.03
0.23 0.128526 0.03
0.25 0.128526 0.03
0.27 0.128526 0.03
0.29 0.128526 0.03
0.31 0.128526 0.03
0.33 0.128526 0.03
0.35 0.128526 0.03
0.37 0.128526 0.03
0.39 0.128526 0.03
0.41 0.128526 0.03
0.43 0.128526 0.03
0.45 0.128526 0.03
0.47 0.128526 0.03
0.49 0.128526 0.03
0.03 0.148526 0.03
0.05 0.148526 0.03
0.07 0.148526 0.03
0.09 0.148526 0.03
0.11 0.148526 0.03
0.13 0.148526 0.03
0.15 0.148526 0.03
0.17 0.148526 0.03
0.19 0.148526 0.03
0.21 0.148526 0.03
0.23 0.148526 0.03
0.25 0.148526 0.03
0.27 0.148526 0.03
0.29 0.148526 0.03
0.31 0.148526 0.03
0.33 0.148526 0.03
0.35 0.148526 0.03
0.37 0.148526 0.03
0.39 0.148526 0.03
0.41 0.148526 0.03
0.43 0.148526 0.03
0.45 0.148526 0.03
0.47 0.148526 0.03
0.49 0.148526 0.03
0.02 0.02 0.04
0.04 0.02 0.04
0.06 0.02 0.04
0.08 0.02 0.04
0.1 0.02 0.04
0.12 0.02 0.04
0.14 0.02 0.04
0.16 0.02 0.04
0.18 0.02 0.04
0.2 0.02 0.04
0.22 0.02 0.04
0.24 0.02 0.04
0.26 0.02 0.04
0.28 0.02 0.04
0.3 0.02 0.04
0.32 0.02 0.04
0.34 0.02 0.04
0.36 0.02 0.04
0.38 0.02 0.04
0.4 0.02 0.04
0.42 0.02 0.04
0.44 0.02 0.04
0.46 0.02 0.04
0.48 0.02 0.04
0.5 0.02 0.04
0.02 0.0387987 0.04
0.04 0.0388152 0.04
0.06 0.0388045 0.04
0.08 0.0388034 0.04
0.1 0.0388032 0.04
0.12 0.038803 0.04
0.14 0.0388063 0.04
0.16 0.0388142 0.04
0.18 0.0388184 0.04
0.2 0.0388185 0.04
0.22 0.0388185 0.04
0.24 0.0388185 0.04
0.26 0.0388185 0.04
0.28 0.0388185 0.04
0.3 0.0388185 0.04
0.32 0.0388185 0.04
0.34 0.0388185 0.04
0.36 0.0388185 0.04
0.38 0.0388185 0.04
0.4 0.0388185 0.04
0.42 0.0388185 0.04
0.44 0.0388187 0.04
0.46 0.0388199 0.04
0.48 0.0388328 0.04
0.5 0.0388154 0.04
0.02 0.0585636 0.04
0.04 0.0585701 0.04
0.06 0.0585681 0.04
0.08 0.0585676 0.04
0.1 0.0585675 0.04
0.12 0.0585676 0.04
0.14 0.0585686 0.04
