0.02 0.0199489 0.0202536
0.0385399 0.02 0.0200593
0.0595072 0.02 0.0200111
0.0798614 0.02 0.0200243
0.100226 0.02 0.0200207
0.120624 0.02 0.0200171
0.141625 0.02 0.0200772
0.160968 0.02 0.020035
0.180563 0.02 0.0199658
0.2004 0.02 0.0199939
0.220213 0.02 0.019994
0.24011 0.02 0.0199564
0.260052 0.02 0.0199526
0.280024 0.02 0.0199503
0.300011 0.02 0.0199486
0.320006 0.02 0.0199482
0.340007 0.02 0.0199479
0.360016 0.02 0.0199466
0.380037 0.02 0.0199429
0.400087 0.02 0.0199329
0.420198 0.02 0.0199797
0.440437 0.02 0.0199712
0.46088 0.0199125 0.02
0.481962 0.02 0.0200044
0.503273 0.02 0.020037
0.02 0.0199491 0.0201487
0.0379906 0.02 0.0199912
0.0595455 0.02 0.0199563
0.0798241 0.02 0.019977
0.10027 0.02 0.0199715
0.120624 0.02 0.0200039
0.142142 0.02 0.0200322
0.161313 0.0199391 0.02
0.180626 0.02 0.0199658
0.20042 0.02 0.0199637
0.220221 0.02 0.0199619
0.240112 0.02 0.0199563
0.260053 0.02 0.0199525
0.280024 0.02 0.0199502
0.300011 0.02 0.0199485
0.320006 0.02 0.0199481
0.340007 0.02 0.0199478
0.360016 0.02 0.0199465
0.380038 0.02 0.0199428
0.400088 0.02 0.0199329
0.420202 0.0199267 0.02
0.440458 0.02 0.0199712
0.460914 0.02 0.0199896
0.482328 0.02 0.0199964
0.503781 0.02 0.0199976
0.02 0.0342003 0.020007
0.0376631 0.0361384 0.0200039
0.0596432 0.0375957 0.02
0.079798 0.0377001 0.02
0.100269 0.0376973 0.02
0.120492 0.0376309 0.02
0.142085 0.0364999 0.02
0.161534 0.0350227 0.02
0.180644 0.0343298 0.02
0.200359 0.0341773 0.02
0.220184 0.0341103 0.02
0.240088 0.0340771 0.02
0.260041 0.0340583 0.02
0.280018 0.0340474 0.02
0.300008 0.0340423 0.02
0.320004 0.0340399 0.02
0.340005 0.034038 0.02
0.360011 0.0340345 0.02
0.380028 0.0340265 0.02
0.400067 0.0340085 0.02
0.420165 0.0339734 0.02
0.440379 0.0338886 0.02
0.460715 0.0336779 0.02
0.482375 0.0332589 0.02
0.503922 0.0319418 0.0200167
0.02 0.0452528 0.020269
0.0389704 0.0465914 0.0202617
0.059609 0.0475848 0.0202849
0.0798685 0.0477902 0.0203788
0.100156 0.0478101 0.0203598
0.12043 0.0477001 0.0202864
0.140718 0.0471722 0.02
0.160666 0.0461896 0.02
0.180408 0.0456091 0.02
0.200253 0.0454034 0.02
0.220128 0.0453158 0.02
0.240062 0.0452709 0.02
0.260029 0.0452482 0.02
0.280013 0.0452361 0.02
0.300006 0.0452304 0.02
0.320003 0.0452275 0.02
0.340004 0.0452253 0.02
0.360008 0.0452212 0.02
0.380021 0.0452118 0.02
0.400049 0.0451901 0.02
0.420123 0.0451363 0.02
0.440278 0.0450145 0.02
0.460568 0.044738 0.02
0.481482 0.0444535 0.02
0.502041 0.0427363 0.0200243
0.02 0.0571975 0.0203516
0.0396862 0.0581031 0.0204774
0.0597609 0.0586495 0.0205544
0.0799274 0.0589049 0.0205709
0.100081 0.0589371 0.0205572
0.120265 0.0587754 0.0205424
0.140269 0.0585284 0.0203553
0.160309 0.0582892 0.0200516
0.180231 0.0580189 0.02
0.200139 0.0578314 0.02
0.220071 0.057739 0.02
0.240033 0.0576948 0.02
0.260015 0.0576724 0.02
0.280007 0.0576614 0.02
0.300003 0.057656 0.02
0.320001 0.0576533 0.02
0.340002 0.0576511 0.02
0.360004 0.0576474 0.02
0.38001 0.0576386 0.02
0.400024 0.0576177 0.02
0.42006 0.0575657 0.02
0.440139 0.0574426 0.02
0.46031 0.0571487 0.02
0.480586 0.0566692 0.0200045
0.500646 0.0557067 0.0200759
0.02 0.0728994 0.0201576
0.0399121 0.0733177 0.0202078
0.0599237 0.0735504 0.0202457
0.0799752 0.0736716 0.0202659
0.100035 0.0736889 0.0202646
0.120094 0.0736102 0.0202445
0.140126 0.0734456 0.0201918
0.160123 0.0732376 0.0201188
0.180092 0.0730637 0.0200712
0.200057 0.0729648 0.0200511
0.220029 0.0729145 0.0200446
0.240013 0.0728912 0.0200429
0.260006 0.0728808 0.0200424
0.280002 0.0728763 0.0200422
0.300001 0.0728743 0.0200422
0.32 0.0728734 0.0200422
0.34 0.0728728 0.0200422
0.360001 0.0728717 0.0200422
0.380003 0.0728689 0.0200423
0.400008 0.0728616 0.0200423
0.42002 0.072842 0.0200419
0.440046 0.0727941 0.0200398
0.46009 0.0726926 0.0200352
0.480146 0.0725244 0.0200304
0.500155 0.0722084 0.0200227
0.02 0.0913031 0.020057
0.0399764 0.0914714 0.0200739
0.0599771 0.0915438 0.0200873
0.0799929 0.0915894 0.0200962
0.100014 0.0915948 0.0200964
0.120034 0.0915625 0.0200866
0.140047 0.0914975 0.0200675
0.160046 0.0914179 0.0200449
0.180036 0.0913485 0.0200277
0.200022 0.0913034 0.0200184
0.220011 0.0912799 0.0200146
0.240005 0.0912694 0.0200133
0.260002 0.0912651 0.0200129
0.280001 0.0912635 0.0200127
0.3 0.0912628 0.0200127
0.32 0.0912626 0.0200127
0.34 0.0912624 0.0200127
0.36 0.0912622 0.0200127
0.380001 0.0912615 0.0200127
0.400002 0.0912593 0.0200126
0.420006 0.0912528 0.0200123
0.440013 0.0912364 0.0200115
0.460025 0.0912024 0.0200101
0.480037 0.091155 0.0200085
0.500035 0.091039 0.0200062
0.0281814 0.02 0.0329137
0.0485104 0.02 0.0333429
0.0697039 0.02 0.0337835
0.0900404 0.02 0.0338402
0.110409 0.02 0.0338216
0.131385 0.02 0.0336536
0.151452 0.02 0.0330945
0.170812 0.02 0.0328445
0.190511 0.02 0.0327775
0.210314 0.02 0.0326958
0.230169 0.02 0.0326394
0.250084 0.02 0.0326052
0.270041 0.02 0.0325881
0.290019 0.02 0.0325798
0.310009 0.02 0.0325753
0.330007 0.02 0.0325707
0.350013 0.02 0.0325657
0.37003 0.02 0.0325587
0.390069 0.02 0.0325429
0.410155 0.02 0.0325044
0.430336 0.02 0.0324243
0.450764 0.02 0.0322432
0.471538 0.02 0.0319625
0.493052 0.02 0.0315643
0.022776 0.0316073 0.0342111
0.0485849 0.0327545 0.0361015
0.0696067 0.0327199 0.0363054
0.0900443 0.0328153 0.0364178
0.110483 0.0327185 0.0363322
0.13113 0.0327661 0.0362445
0.15261 0.0326795 0.0383847
0.171356 0.0322307 0.0383405
0.190646 0.0322243 0.0384328
0.210309 0.0321962 0.0384012
0.230162 0.0321674 0.0383575
0.250076 0.0321556 0.0383331
0.270035 0.0321403 0.038315
0.290016 0.0321316 0.0383055
0.310007 0.0321272 0.0382995
0.330006 0.0321247 0.038295
0.35001 0.0321216 0.0382894
0.370024 0.0321133 0.0382782
0.390056 0.0320976 0.0382575
0.410139 0.0320661 0.0382154
0.430302 0.0320059 0.0381132
0.450839 0.0318954 0.0379604
0.471861 0.031664 0.0376985
0.49602 0.0308153 0.0347129
0.0281462 0.0437594 0.0321708
0.0485773 0.0459452 0.0323931
0.0697123 0.0463362 0.0328619
0.0900116 0.046427 0.0329526
0.110349 0.0463442 0.0329234
0.130926 0.0463499 0.0325977
0.15117 0.044526 0.0325715
0.170972 0.0431727 0.0326328
0.190468 0.0427838 0.0326217
0.210246 0.0426933 0.0325548
0.230124 0.0426467 0.0325153
0.25006 0.0426256 0.0324842
0.270028 0.0426101 0.0324667
0.290012 0.0426024 0.0324566
0.310006 0.0425984 0.032451
0.330005 0.0425962 0.0324467
0.350008 0.0425935 0.0324411
0.370019 0.0425867 0.0324325
0.390045 0.0425725 0.0324111
0.410112 0.0425414 0.0323674
0.430262 0.0424681 0.0322631
0.450645 0.0423158 0.0320666
0.471531 0.0418289 0.031735
0.492916 0.0404683 0.030883
0.0293782 0.0523109 0.0312012
0.0494401 0.0533853 0.0313919
0.0697565 0.0539375 0.0316732
0.0900002 0.0541226 0.0317602
0.110262 0.0540616 0.0317374
0.130403 0.0538009 0.0314907
0.150361 0.0535246 0.0309809
0.170354 0.0529214 0.0304746
0.190265 0.0526827 0.0304284
0.210149 0.0525261 0.0304089
0.230073 0.0524495 0.0303994
0.250035 0.052408 0.0303942
0.270016 0.0523852 0.0303914
0.290007 0.0523732 0.03039
0.310004 0.0523669 0.0303893
0.330003 0.0523631 0.0303889
0.350005 0.0523582 0.0303884
0.370011 0.052348 0.0303877
0.390027 0.0523244 0.0303859
0.410067 0.0522725 0.0303809
0.430158 0.052143 0.0303695
0.45038 0.0518556 0.0303405
0.470739 0.0511653 0.0303693
0.491268 0.0497729 0.0303605
0.0298363 0.0651915 0.030332
0.0498128 0.0656747 0.0304112
0.0698964 0.0660097 0.0304679
0.0900018 0.0661404 0.03049
0.110118 0.0660928 0.0304721
0.130193 0.0658538 0.0304086
0.150201 0.0656817 0.0302817
0.170187 0.0654204 0.0301808
0.190125 0.0652185 0.0301352
0.210069 0.0651104 0.0301185
0.230033 0.0650604 0.0301125
0.250015 0.0650361 0.0301099
0.270006 0.0650245 0.0301087
0.290003 0.0650189 0.0301082
0.310001 0.0650162 0.030108
0.330001 0.0650146 0.0301078
0.350002 0.0650127 0.0301076
0.370004 0.0650088 0.0301073
0.39001 0.0649989 0.0301067
0.410025 0.0649749 0.0301048
0.430059 0.0649146 0.0300997
0.450132 0.0647712 0.0300892
0.470246 0.0644652 0.0300764
0.490347 0.0639774 0.0300611
0.0299631 0.0820206 0.0301091
0.0499531 0.0821749 0.0301328
0.0699723 0.0822831 0.0301536
0.0900043 0.0823237 0.0301613
0.110038 0.0823036 0.0301542
0.130066 0.0822259 0.0301301
0.150076 0.0821093 0.0300909
0.170065 0.0819909 0.0300547
0.190045 0.0819063 0.0300345
0.210025 0.0818573 0.030026
0.230012 0.0818338 0.0300231
0.250005 0.0818236 0.0300223
0.270002 0.0818193 0.030022
0.290001 0.0818175 0.0300219
0.31 0.0818168 0.0300219
0.33 0.0818164 0.0300219
0.35 0.0818161 0.0300219
0.370001 0.0818152 0.0300219
0.390003 0.0818128 0.0300219
0.410007 0.0818058 0.0300217
0.430016 0.0817874 0.0300212
0.450034 0.0817452 0.0300192
0.47006 0.0816652 0.0300164
0.490077 0.0815522 0.0300139
0.0299884 0.101056 0.0300418
0.0499846 0.101122 0.0300505
0.0699902 0.101162 0.0300578
0.0900023 0.101179 0.0300608
0.110016 0.101169 0.0300576
0.130027 0.101135 0.0300484
0.150031 0.101085 0.0300351
0.170027 0.101033 0.0300224
0.190019 0.100994 0.0300138
0.210011 0.100971 0.0300095
0.230005 0.10096 0.0300079
0.250002 0.100955 0.0300073
0.270001 0.100953 0.0300071
0.29 0.100953 0.0300071
0.31 0.100953 0.030007
0.33 0.100953 0.030007
0.35 0.100952 0.030007
0.37 0.100952 0.030007
0.390001 0.100952 0.030007
0.410002 0.100949 0.0300069
0.430005 0.100943 0.0300066
0.45001 0.100928 0.030006
0.470017 0.100904 0.0300051
0.49002 0.100861 0.0300041
0.02 0.0199509 0.0453213
0.0383419 0.02 0.0468064
0.059455 0.02 0.0481365
0.079839 0.02 0.0483131
0.100241 0.02 0.0483284
0.120627 0.02 0.0482569
0.141555 0.02 0.0475064
0.161148 0.02 0.0467147
0.180654 0.02 0.0465131
0.200433 0.02 0.0464428
0.220226 0.02 0.046309
0.240114 0.02 0.0462185
0.260054 0.02 0.0461611
0.280024 0.02 0.0461294
0.300011 0.02 0.046113
0.320006 0.02 0.0461035
0.340007 0.02 0.0460945
0.360016 0.02 0.0460805
0.380037 0.02 0.0460509
0.400087 0.02 0.0459871
0.420202 0.02 0.0458545
0.440444 0.02 0.0455991
0.461004 0.02 0.0450739
0.482164 0.02 0.0440565
0.503394 0.02 0.0426797
0.02 0.0199537 0.0467732
0.0377843 0.02 0.048991
0.0594569 0.02 0.0509036
0.0798014 0.02 0.0510678
0.100285 0.02 0.0510796
0.120652 0.02 0.0509978
0.142016 0.02 0.0499904
0.161635 0.02 0.0487657
0.18076 0.02 0.0482324
0.200467 0.02 0.0481438
0.220236 0.02 0.0480036
0.240116 0.02 0.0479084
0.260053 0.02 0.0478498
0.280023 0.02 0.0478177
0.30001 0.02 0.0478013
0.320006 0.02 0.0477921
0.340006 0.02 0.0477834
0.360015 0.02 0.0477698
0.380035 0.02 0.0477408
0.400084 0.02 0.0476778
0.420199 0.02 0.047545
0.440462 0.02 0.0472802
0.461035 0.02 0.046743
0.482728 0.0201042 0.045307
0.50412 0.0202964 0.0433282
0.02 0.0356169 0.0480584
0.0372197 0.0377088 0.0504996
0.0595085 0.0390624 0.0530243
0.0797679 0.0391982 0.0531206
0.100305 0.039209 0.0531373
0.120563 0.0391395 0.0530956
0.142006 0.0384895 0.0521655
