0.0199826 0.02 0.102627
0.0459782 0.02 0.102264
0.0577665 0.02 0.117347
0.0830456 0.02 0.116467
0.0983408 0.02 0.114931
0.120965 0.02 0.116058
0.136126 0.02 0.109012
0.156686 0.02 0.105429
0.178554 0.02 0.106996
0.202867 0.02 0.116794
0.22388 0.02 0.115608
0.240117 0.02 0.108566
0.262661 0.02 0.1104
0.285429 0.02 0.112922
0.309042 0.02 0.113852
0.332386 0.02 0.114735
0.351478 0.02 0.104485
0.375362 0.02 0.104423
0.40225 0.02 0.102941
0.429974 0.02 0.10138
0.465174 0.02 0.0943718
0.488146 0.02 0.0976794
0.531 0.02 0.102585
0.558494 0.02 0.082266
0.600972 0.02 0.0856182
0.0199885 0.02 0.0815924
0.033367 0.02 0.111176
0.0617938 0.02 0.102234
0.0789093 0.02 0.10032
0.102764 0.02 0.101801
0.121429 0.02 0.0987877
0.145247 0.02 0.104965
0.166736 0.02 0.105508
0.18774 0.02 0.107731
0.205066 0.02 0.0983924
0.224309 0.02 0.101106
0.249539 0.02 0.104379
0.272367 0.02 0.10396
0.292489 0.02 0.100442
0.313498 0.02 0.100198
0.333469 0.02 0.0990352
0.361052 0.02 0.105665
0.387663 0.02 0.10271
0.414382 0.02 0.102235
0.442755 0.02 0.100078
0.464093 0.02 0.10877
0.501716 0.02 0.0946753
0.532325 0.02 0.0796116
0.571141 0.02 0.0987519
0.601497 0.02 0.0856766
0.0199969 0.02 0.093559
0.0435105 0.02 0.0744304
0.0651712 0.02 0.0784393
0.080323 0.02 0.0789668
0.100505 0.02 0.084448
0.119495 0.02 0.0766298
0.142817 0.02 0.0841857
0.16433 0.02 0.0801281
0.184386 0.02 0.085463
0.203315 0.02 0.0759055
0.224759 0.02 0.0831369
0.244746 0.02 0.0840841
0.265287 0.02 0.0858728
0.287468 0.02 0.0797197
0.309751 0.02 0.0838592
0.333614 0.02 0.078274
0.3574 0.02 0.0856688
0.382892 0.02 0.0824498
0.408924 0.02 0.0838668
0.436394 0.02 0.0822533
0.46254 0.02 0.0781905
0.495411 0.02 0.0810296
0.522648 0.02 0.0811704
0.567537 0.02 0.0760716
0.602428 0.02 0.0855523
0.0199845 0.02 0.0775531
0.0433951 0.02 0.0763227
0.0577915 0.02 0.0702203
0.0815466 0.02 0.0718579
0.0991643 0.02 0.0672546
0.12132 0.02 0.0696948
0.138421 0.02 0.0681381
0.161459 0.02 0.0710276
0.181269 0.02 0.0658346
0.203603 0.02 0.0701027
0.223837 0.02 0.0672227
0.245374 0.02 0.069729
0.268012 0.02 0.0692061
0.288299 0.02 0.0729784
0.311541 0.02 0.0701636
0.333815 0.02 0.0730906
0.358072 0.02 0.071528
0.3831 0.02 0.0767898
0.408455 0.02 0.0754615
0.436207 0.02 0.0763281
0.46325 0.02 0.0737162
0.494681 0.02 0.075704
0.528245 0.02 0.0738357
0.565382 0.02 0.0729976
0.600479 0.02 0.0845748
0.0199972 0.02 0.0772486
0.0368212 0.02 0.0749452
0.0574568 0.02 0.0725841
0.0797541 0.02 0.0728483
0.1 0.02 0.0688439
0.121021 0.02 0.0711059
0.140055 0.02 0.0695063
0.161928 0.02 0.0719079
0.181767 0.02 0.0688761
0.203426 0.02 0.0711733
0.223978 0.02 0.0687178
0.24546 0.02 0.0721814
0.267816 0.02 0.0709357
0.288467 0.02 0.0739516
0.311748 0.02 0.0715269
0.333934 0.02 0.0747063
0.357735 0.02 0.0740159
0.382892 0.02 0.0770685
0.408212 0.02 0.0759302
0.43588 0.02 0.0769505
0.462775 0.02 0.0752252
0.492975 0.02 0.0752013
0.527226 0.02 0.074388
0.560543 0.02 0.0741503
0.596679 0.02 0.0832486
0.019997 0.02 0.0988933
0.0380278 0.0233907 0.0858106
0.0585203 0.02 0.0842845
0.0799618 0.02 0.0854141
0.100133 0.02 0.0829196
0.12083 0.02 0.0820527
0.140961 0.02 0.0819119
0.161432 0.02 0.0810838
0.182051 0.02 0.0811767
0.202992 0.02 0.0807865
0.224464 0.02 0.0802786
0.245444 0.02 0.0820664
0.266978 0.02 0.082089
0.288844 0.02 0.081838
0.311406 0.02 0.0824561
0.334118 0.02 0.0827541
0.357508 0.02 0.0838174
0.382315 0.02 0.082962
0.408063 0.02 0.0829369
0.435561 0.02 0.0818585
0.462216 0.02 0.0816759
0.491482 0.02 0.0811782
0.523715 0.02 0.0790491
0.555177 0.02 0.0798913
0.5913 0.02 0.0821865
0.0199989 0.02 0.0902938
0.0379538 0.0207494 0.0975185
0.0588601 0.02 0.094232
0.0796166 0.020259 0.0921834
0.100134 0.02 0.0894077
0.120527 0.02 0.0897393
0.141113 0.02 0.0874278
0.161877 0.02 0.0878921
0.182117 0.02 0.0861107
0.203045 0.02 0.0877802
0.224325 0.02 0.0871878
0.245253 0.02 0.0868167
0.266674 0.02 0.0872978
0.288421 0.02 0.0887992
0.311117 0.02 0.0880277
0.333702 0.02 0.0881002
0.357289 0.02 0.0874408
0.381796 0.02 0.0880921
0.407567 0.02 0.0873326
0.434654 0.02 0.0862629
0.461458 0.02 0.0840423
0.490358 0.02 0.0833505
0.521293 0.02 0.0827996
0.552726 0.02 0.0808088
0.585451 0.02 0.0811228
0.0284423 0.02 0.140927
0.0490753 0.02 0.143285
0.0692787 0.02 0.143694
0.0902354 0.02 0.144417
0.110622 0.02 0.143792
0.132025 0.02 0.14398
0.151745 0.02 0.143027
0.17206 0.02 0.142823
0.192559 0.02 0.14286
0.213346 0.02 0.143273
0.234101 0.02 0.14264
0.255163 0.02 0.142035
0.276542 0.02 0.141535
0.298371 0.02 0.140689
0.320647 0.02 0.13977
0.343858 0.02 0.138514
0.367723 0.02 0.136956
0.39297 0.02 0.135179
0.419348 0.02 0.132544
0.447626 0.02 0.129081
0.476655 0.02 0.125496
0.510029 0.02 0.120299
0.543514 0.02 0.115318
0.584944 0.02 0.107328
0.0200447 0.02 0.143573
0.0479111 0.02 0.152746
0.0686623 0.02 0.153955
0.0900913 0.02 0.154399
0.110666 0.02 0.154253
0.13151 0.02 0.154549
0.153264 0.02 0.158622
0.172816 0.02 0.157752
0.192757 0.02 0.158081
0.213276 0.02 0.157904
0.234003 0.02 0.157466
0.254954 0.02 0.15675
0.276247 0.02 0.156132
0.297998 0.02 0.15529
0.320357 0.02 0.15425
0.343491 0.02 0.152582
0.367363 0.02 0.150444
0.392353 0.02 0.148038
0.418523 0.02 0.145059
0.446468 0.02 0.141682
0.475522 0.02 0.137297
0.509029 0.02 0.132124
0.543066 0.02 0.126205
0.592653 0.02 0.112795
0.0200785 0.02 0.143059
0.0462305 0.02 0.148648
0.0688292 0.02 0.152283
0.089786 0.02 0.151936
0.110624 0.02 0.152242
0.131539 0.02 0.151336
0.151902 0.02 0.15046
0.172316 0.02 0.150743
0.192614 0.02 0.15127
0.213229 0.02 0.151489
0.2341 0.02 0.150917
0.255006 0.02 0.150061
0.276314 0.02 0.149712
0.298098 0.02 0.148876
0.320528 0.02 0.147996
0.343759 0.02 0.14632
0.367686 0.02 0.144133
0.392683 0.02 0.141751
0.419035 0.02 0.138904
0.446916 0.02 0.135567
0.476211 0.02 0.131626
0.509382 0.02 0.126604
0.543179 0.02 0.121155
0.58998 0.02 0.109551
0.0211428 0.02 0.134362
0.0486166 0.02 0.139482
0.0683219 0.02 0.138642
0.0901043 0.02 0.139798
0.110302 0.02 0.138544
0.130721 0.02 0.138946
0.151311 0.02 0.136679
0.171764 0.02 0.136034
0.192427 0.02 0.136557
0.213319 0.02 0.136682
0.234297 0.02 0.136135
0.255279 0.02 0.135385
0.276661 0.02 0.135214
0.298593 0.02 0.13441
0.32089 0.02 0.13368
0.344312 0.02 0.13246
0.368079 0.02 0.131137
0.393349 0.02 0.129733
0.419658 0.02 0.127582
0.447734 0.02 0.1249
0.476564 0.02 0.122066
0.509336 0.02 0.118634
0.542049 0.02 0.114902
0.585306 0.02 0.107279
0.0233807 0.02 0.12784
0.047733 0.02 0.129556
0.0686061 0.02 0.127774
0.0897847 0.02 0.128109
0.109967 0.02 0.127496
0.130783 0.02 0.128001
0.151348 0.02 0.127627
0.172033 0.02 0.127159
0.192458 0.02 0.126817
0.213407 0.02 0.126344
0.234324 0.02 0.126409
0.25551 0.02 0.126412
0.276916 0.02 0.125726
0.298999 0.02 0.125053
0.321131 0.02 0.124167
0.344586 0.02 0.123613
0.368231 0.02 0.122872
0.393808 0.02 0.121803
0.420007 0.02 0.11982
0.44798 0.02 0.117075
0.476665 0.02 0.114627
0.50837 0.02 0.110913
0.539926 0.02 0.107465
0.578483 0.02 0.10253
0.025798 0.02 0.120906
0.0483381 0.02 0.119319
0.0688523 0.02 0.117786
0.0897263 0.02 0.116133
0.109861 0.02 0.115984
0.130142 0.02 0.115508
0.151005 0.02 0.115825
0.172243 0.02 0.115198
0.192861 0.02 0.114949
0.213457 0.02 0.114056
0.234194 0.02 0.11442
0.2558 0.02 0.114999
0.277314 0.02 0.114466
0.299303 0.02 0.113985
0.321413 0.02 0.113375
0.344598 0.02 0.112962
0.368541 0.02 0.112338
0.394134 0.02 0.111289
0.420302 0.02 0.109551
0.447846 0.02 0.107287
0.476623 0.02 0.10526
0.507365 0.02 0.101653
0.538156 0.02 0.0985905
0.572511 0.02 0.0962097
0.0270605 0.02 0.115177
0.0485507 0.02 0.114147
0.0687892 0.02 0.1122
0.0898642 0.02 0.110393
0.109865 0.02 0.10949
0.130321 0.02 0.108163
0.151082 0.02 0.108592
0.17221 0.02 0.107455
0.1928 0.02 0.10664
0.213488 0.02 0.106959
0.234258 0.02 0.106714
0.255823 0.02 0.107015
0.277528 0.02 0.106995
0.29941 0.02 0.107502
0.32158 0.02 0.107219
0.34468 0.02 0.106563
0.368778 0.02 0.1062
0.394098 0.02 0.105376
0.420232 0.02 0.10406
0.447503 0.02 0.102174
0.475918 0.02 0.100388
0.505709 0.02 0.0981874
0.536231 0.02 0.0960171
0.567991 0.02 0.0938252
0.0202478 0.02 0.161919
0.0366799 0.02 0.165489
0.0579408 0.02 0.16989
0.0793964 0.02 0.171856
0.100159 0.02 0.172407
0.121027 0.02 0.172467
0.14218 0.02 0.170755
0.162121 0.02 0.16891
0.182293 0.02 0.168359
0.202942 0.02 0.168339
0.223582 0.02 0.168024
0.244381 0.02 0.167446
0.265467 0.02 0.166783
0.286938 0.02 0.166027
0.308878 0.02 0.165063
0.331546 0.02 0.163726
0.354923 0.02 0.161865
0.379266 0.02 0.159617
0.40483 0.02 0.156844
0.431535 0.02 0.153612
0.460514 0.02 0.149222
0.490046 0.02 0.14454
0.525889 0.02 0.137183
0.559814 0.02 0.130145
0.600038 0.02 0.121439
0.0202493 0.02 0.163664
0.0360485 0.02 0.167988
0.0579598 0.02 0.17312
0.0792992 0.02 0.175097
0.10022 0.02 0.175702
0.121051 0.02 0.175773
0.142664 0.02 0.173898
0.162664 0.02 0.171555
0.182414 0.02 0.170511
0.202976 0.02 0.170445
0.223585 0.02 0.170108
0.244365 0.02 0.169529
0.265446 0.02 0.168859
0.286903 0.02 0.168089
0.308844 0.02 0.167115
0.331493 0.02 0.16577
0.35486 0.02 0.163912
0.37919 0.02 0.161664
0.404724 0.02 0.158904
0.431423 0.02 0.155681
0.460306 0.02 0.15133
0.489883 0.02 0.146603
0.525518 0.02 0.139261
0.560579 0.02 0.13152
0.600816 0.02 0.122098
0.0202706 0.02 0.165169
0.0346595 0.02 0.170142
0.0577583 0.02 0.177491
0.0792559 0.02 0.179527
0.100197 0.02 0.180111
0.120904 0.02 0.180386
0.142557 0.02 0.17922
