0.0199708 0.02 0.0358089
0.0465778 0.02 0.0405698
0.0578815 0.02 0.0509901
0.0833361 0.02 0.0508798
0.0984489 0.02 0.0499487
0.121258 0.02 0.0511015
0.135984 0.02 0.0466916
0.156323 0.02 0.0449565
0.176251 0.02 0.0453294
0.200045 0.02 0.052391
0.220333 0.02 0.051674
0.23629 0.02 0.0473464
0.256666 0.02 0.0481441
0.278242 0.02 0.0506346
0.29974 0.02 0.0509074
0.320809 0.02 0.0519603
0.337615 0.02 0.0452451
0.357628 0.02 0.0459409
0.379771 0.02 0.0453355
0.401861 0.02 0.0447197
0.430143 0.02 0.04013
0.449475 0.02 0.0441139
0.4825 0.02 0.0497786
0.503724 0.02 0.0320943
0.541597 0.02 0.0359413
0.0199713 0.02 0.0355123
0.0343273 0.02 0.0468043
0.0618953 0.02 0.0413348
0.079694 0.02 0.0393128
0.102263 0.02 0.0402392
0.121609 0.02 0.0402252
0.144544 0.02 0.0436298
0.16435 0.02 0.0452428
0.18523 0.02 0.0460524
0.20192 0.02 0.0407114
0.220857 0.02 0.0420543
0.244794 0.02 0.0448889
0.265055 0.02 0.0439083
0.284405 0.02 0.0422756
0.302894 0.02 0.0414273
0.32144 0.02 0.0418093
0.345455 0.02 0.0460727
0.366907 0.02 0.0453177
0.388993 0.02 0.0456277
0.411533 0.02 0.0451616
0.429977 0.02 0.0507363
0.458084 0.02 0.0407077
0.481616 0.02 0.0300266
0.514501 0.02 0.048217
0.542094 0.02 0.0360011
0.0199711 0.02 0.0356349
0.0448278 0.02 0.0277707
0.0641965 0.02 0.0298401
0.0808781 0.02 0.0310518
0.10043 0.02 0.0303251
0.118786 0.02 0.0296438
0.140965 0.02 0.030741
0.161806 0.02 0.0308293
0.181484 0.02 0.0323429
0.200273 0.02 0.0292687
0.220546 0.02 0.0297148
0.24016 0.02 0.0318481
0.259959 0.02 0.0312615
0.279443 0.02 0.0302624
0.300239 0.02 0.0305408
0.320934 0.02 0.0292788
0.341866 0.02 0.0326453
0.362754 0.02 0.0316764
0.384385 0.02 0.0314653
0.406469 0.02 0.0319849
0.4286 0.02 0.0298543
0.454921 0.02 0.0321753
0.476589 0.02 0.0303833
0.510393 0.02 0.0273077
0.542973 0.02 0.0358889
0.0199778 0.02 0.0318209
0.0445479 0.0209827 0.0291364
0.0604557 0.02 0.0257224
0.0824802 0.0200662 0.0265877
0.0999609 0.02 0.0265335
0.120855 0.02 0.0253146
0.139615 0.02 0.0269957
0.15986 0.02 0.0266585
0.179889 0.02 0.0243994
0.200757 0.02 0.0255458
0.220588 0.02 0.0255883
0.24041 0.02 0.0258188
0.260416 0.02 0.026671
0.28021 0.02 0.02594
0.300726 0.02 0.0258352
0.321074 0.02 0.0254259
0.342068 0.02 0.0258225
0.362905 0.02 0.0270889
0.384307 0.02 0.0269696
0.40634 0.02 0.0268119
0.429045 0.02 0.0255257
0.45418 0.02 0.0270533
0.478985 0.02 0.0257808
0.508706 0.02 0.02468
0.541116 0.02 0.0349209
0.02 0.0267093 0.0309318
0.0381078 0.0295239 0.027808
0.0599367 0.0286849 0.0267404
0.0803056 0.0300574 0.0268686
0.100335 0.0282415 0.0262337
0.120378 0.0284635 0.0260128
0.140159 0.0269754 0.0264979
0.160101 0.0274604 0.0263135
0.180332 0.0281239 0.0255343
0.200685 0.0277884 0.0260114
0.220488 0.0272416 0.0261499
0.240407 0.0275387 0.026131
0.260569 0.0269354 0.0265076
0.280488 0.0272756 0.0264402
0.300822 0.0273805 0.0262871
0.321073 0.0275971 0.0264169
0.341847 0.0275684 0.0264616
0.362824 0.0264376 0.0271458
0.38417 0.0262219 0.027268
0.406057 0.026069 0.0272436
0.428661 0.0266486 0.0266035
0.452872 0.0253663 0.0263204
0.478297 0.0234957 0.0263337
0.504942 0.0243499 0.0259459
0.537532 0.0219559 0.0336204
0.02 0.0347956 0.0389675
0.0388822 0.0381532 0.0344563
0.0593184 0.0377173 0.0329302
0.0801338 0.038369 0.033574
0.100146 0.0375706 0.0318208
0.120162 0.0374533 0.0319685
0.140122 0.0368094 0.0313334
0.160272 0.036846 0.0312281
0.18043 0.0367286 0.031265
0.200465 0.0367979 0.0312364
0.220403 0.036583 0.0309958
0.240373 0.0365916 0.0313762
0.26051 0.0364409 0.0312549
0.280598 0.0364313 0.0313918
0.300855 0.0364255 0.0313667
0.321139 0.0363304 0.0315621
0.341711 0.0361204 0.0317352
0.362675 0.0354958 0.0316007
0.384036 0.0350405 0.0315732
0.405913 0.0345019 0.0314378
0.428233 0.034234 0.0316966
0.451746 0.0333979 0.0312695
0.476426 0.0322165 0.0301091
0.501793 0.0313425 0.0308541
0.53254 0.0276853 0.0326038
0.02 0.0390564 0.0360233
0.0389104 0.0427678 0.0372069
0.0592455 0.0431453 0.0357616
0.0798898 0.0435111 0.0345693
0.100023 0.0431792 0.0343078
0.120106 0.0429819 0.0339089
0.140098 0.0425501 0.0340447
0.160302 0.0424124 0.0341441
0.180333 0.0421348 0.0338416
0.200329 0.0421817 0.0337948
0.220321 0.0420699 0.0338827
0.240317 0.042054 0.0340645
0.260429 0.0419546 0.0341735
0.280566 0.0418314 0.0340508
0.300792 0.0417693 0.0339868
0.321089 0.0415512 0.0339558
0.341588 0.0413342 0.0341541
0.362469 0.0407975 0.0342052
0.383739 0.0402775 0.0340476
0.405482 0.0395923 0.0337198
0.427628 0.0389971 0.0333013
0.450847 0.0381871 0.0329003
0.474799 0.0371818 0.0321504
0.499783 0.0358157 0.0311271
0.527098 0.0338829 0.0316029
0.0248944 0.02 0.068891
0.0488687 0.02 0.0704209
0.0693182 0.02 0.070629
0.0901442 0.02 0.0712642
0.110338 0.02 0.0710544
0.13141 0.02 0.0714619
0.150724 0.02 0.0712154
0.170598 0.02 0.0714519
0.190578 0.02 0.0716649
0.210655 0.02 0.0723326
0.230554 0.02 0.0722233
0.250546 0.02 0.0721185
0.270554 0.02 0.0720961
0.29067 0.02 0.071964
0.31085 0.02 0.0718854
0.331388 0.02 0.0716867
0.351964 0.02 0.0713933
0.373058 0.02 0.0710167
0.394663 0.02 0.0701487
0.417218 0.02 0.068845
0.440531 0.02 0.0671686
0.466204 0.02 0.0644937
0.493577 0.02 0.0619883
0.526456 0.02 0.05691
0.0199696 0.02 0.0701798
0.0475932 0.02 0.0781436
0.0686426 0.02 0.0791076
0.0899598 0.02 0.079552
0.110333 0.02 0.0796969
0.13087 0.02 0.0802987
0.152269 0.02 0.0846124
0.171405 0.02 0.0843928
0.190852 0.02 0.0850495
0.210722 0.02 0.0852265
0.23063 0.02 0.0852458
0.250536 0.02 0.0850534
0.270512 0.02 0.084983
0.290602 0.02 0.0848525
0.310874 0.02 0.0847125
0.331351 0.02 0.0842062
0.351956 0.02 0.0834819
0.372931 0.02 0.0826952
0.394423 0.02 0.0815796
0.416865 0.02 0.0803499
0.440136 0.02 0.078144
0.466165 0.02 0.0757011
0.49378 0.02 0.0722896
0.53361 0.02 0.0623638
0.0214791 0.0212445 0.0698076
0.0458611 0.0234294 0.074668
0.0688186 0.0225764 0.0776269
0.0896642 0.0225816 0.0774001
0.110297 0.0223012 0.0779525
0.130906 0.0220745 0.0774977
0.150897 0.02253 0.0773179
0.170898 0.0229227 0.0780951
0.190685 0.022943 0.0789094
0.210632 0.0230182 0.079455
0.230659 0.0230236 0.0793284
0.250517 0.0232183 0.0789749
0.270497 0.0231163 0.0791523
0.290597 0.0230871 0.0790615
0.310923 0.0230337 0.079073
0.331483 0.0228711 0.0784987
0.352102 0.0226332 0.0777084
0.373048 0.0224688 0.0769052
0.394652 0.0220597 0.075915
0.416956 0.0213953 0.0747372
0.440472 0.0207042 0.0728914
0.46613 0.02 0.0705038
0.493692 0.02 0.067461
0.531109 0.02 0.0591735
0.0228017 0.0254785 0.065075
0.0485696 0.0274573 0.067512
0.0684367 0.0287596 0.067117
0.0900672 0.0287119 0.0676486
0.110059 0.0284031 0.0671685
0.130187 0.02823 0.0674469
0.150297 0.0272625 0.0663175
0.17022 0.0267111 0.0661099
0.190414 0.0268911 0.0665907
0.210516 0.027236 0.0669301
0.230626 0.0269847 0.0670087
0.250498 0.0268361 0.0668109
0.270496 0.0270639 0.066937
0.290654 0.0270102 0.0668064
0.310904 0.0270956 0.0668345
0.331554 0.0267865 0.0666412
0.352104 0.0265654 0.0664489
0.373113 0.0264977 0.0662579
0.394685 0.0261464 0.0657459
0.417069 0.0258104 0.0650902
0.44025 0.0253494 0.0639771
0.465563 0.0246718 0.0628702
0.492363 0.0240142 0.0615316
0.526784 0.0249356 0.0568842
0.0242402 0.0297309 0.0601111
0.0483089 0.0319855 0.0604389
0.0689181 0.0331649 0.0594768
0.0899705 0.0330835 0.0592761
0.109924 0.0330158 0.059234
0.130301 0.0330278 0.0593336
0.150437 0.0322276 0.0595673
0.170284 0.0322105 0.0593632
0.190388 0.0322368 0.059266
0.210396 0.0324244 0.0592592
0.230531 0.0322726 0.0596229
0.250452 0.0320044 0.0599065
0.270486 0.0321156 0.059704
0.290667 0.0320357 0.0596523
0.310893 0.0320353 0.0594491
0.331496 0.0317542 0.0595821
0.352055 0.0313882 0.0596926
0.373103 0.0311632 0.0597004
0.394619 0.0308326 0.0592769
0.416921 0.0304466 0.0584473
0.439872 0.0300775 0.0574789
0.464422 0.0296279 0.0559023
0.490166 0.0290479 0.0547607
0.520692 0.0298491 0.0521877
0.0265315 0.0352158 0.0546177
0.0488192 0.0369956 0.0533325
0.069366 0.0384535 0.0526691
0.0899361 0.0384431 0.0520124
0.10997 0.0384075 0.0518693
0.130148 0.0382802 0.051612
0.150219 0.0377495 0.0519924
0.170262 0.0376422 0.0516038
0.190335 0.0376165 0.0515553
0.210355 0.0377155 0.05174
0.230393 0.0375833 0.0518509
0.250411 0.0373939 0.0520933
0.270488 0.037439 0.0521458
0.290651 0.0374015 0.052135
0.3109 0.0373366 0.0520336
0.331374 0.0370762 0.0519909
0.352002 0.0367269 0.0520368
0.373025 0.0365058 0.0520357
0.39452 0.0361344 0.0515586
0.416643 0.0356839 0.0508901
0.439455 0.0352846 0.0500568
0.463486 0.0344249 0.0480931
0.488172 0.0333033 0.0466404
0.515377 0.0334288 0.0459326
0.0278748 0.0418654 0.0503245
0.0489961 0.0433507 0.0496443
0.0694791 0.0442904 0.0487982
0.0899396 0.0445413 0.0482007
0.110066 0.0443408 0.0479929
0.130132 0.0441805 0.0478546
0.150211 0.0437494 0.0480191
0.170275 0.0436161 0.0477063
0.190287 0.0435534 0.0476316
0.210331 0.0435569 0.0477475
0.230322 0.043498 0.0478525
0.250379 0.0433747 0.0480352
0.270496 0.0433287 0.0480455
0.290619 0.043273 0.0480093
0.310897 0.0431564 0.0479353
0.331258 0.0429225 0.0479266
0.351915 0.0425825 0.0479954
0.37287 0.0422029 0.0479498
0.394283 0.0417419 0.0476161
0.416223 0.0411992 0.0471046
0.438821 0.0406814 0.0464484
0.462321 0.0397085 0.0454155
0.486485 0.0384549 0.0442187
0.5115 0.0381471 0.0434013
0.0199883 0.02 0.0858917
0.0363458 0.02 0.0895915
0.0578576 0.02 0.0938007
0.0793096 0.02 0.0954313
0.0999204 0.02 0.0959675
0.120549 0.02 0.0962917
0.141415 0.02 0.0952492
0.161002 0.02 0.0942544
0.180704 0.02 0.094383
0.200789 0.02 0.0947701
0.220722 0.02 0.0948587
0.240621 0.02 0.0947506
0.260555 0.02 0.094618
0.280573 0.02 0.0944984
0.300685 0.02 0.0943432
0.321028 0.02 0.0940381
0.341483 0.02 0.0934774
0.3622 0.02 0.0927728
0.383386 0.02 0.0918078
0.405071 0.02 0.0906207
0.428172 0.02 0.0885665
0.451799 0.02 0.0861347
0.479636 0.02 0.0819009
0.507913 0.02 0.0770081
0.540214 0.02 0.0708642
0.0199981 0.02 0.0875898
0.0357555 0.02 0.0919662
0.057872 0.02 0.0968344
0.0792106 0.02 0.098466
0.099978 0.02 0.0990325
0.120575 0.02 0.0993529
0.141904 0.02 0.0981564
0.161549 0.02 0.0967066
0.180831 0.02 0.0963906
0.200834 0.02 0.0967427
0.220741 0.02 0.0968106
0.240624 0.02 0.0966996
0.260557 0.02 0.0965632
0.280566 0.02 0.0964335
0.30068 0.02 0.0962735
0.321009 0.02 0.0959657
0.341458 0.02 0.0954148
0.362171 0.02 0.0947196
0.38334 0.02 0.0937703
0.405037 0.02 0.0925873
0.428069 0.02 0.0905656
0.451795 0.02 0.0880875
0.479456 0.02 0.0838561
0.50864 0.02 0.0783621
0.540919 0.02 0.0715161
0.0199982 0.02 0.0890563
0.0344011 0.02 0.094029
0.0576731 0.02 0.100915
0.0791646 0.02 0.102639
0.0999529 0.0200597 0.103174
0.120432 0.02 0.103679
0.141817 0.02 0.103104
