0.0199814 0.02 0.0772534
0.0455483 0.02 0.0764183
0.0576514 0.02 0.0907296
0.0829021 0.02 0.0901673
0.098126 0.02 0.0889354
0.120679 0.02 0.0901353
0.135615 0.02 0.0837459
0.155868 0.02 0.0806006
0.177447 0.02 0.0821909
0.201317 0.02 0.0914424
0.221915 0.02 0.0904968
0.237731 0.02 0.0839435
0.259644 0.02 0.0857555
0.281635 0.02 0.0882013
0.304278 0.02 0.0892324
0.326561 0.02 0.0902119
0.344575 0.02 0.0804948
0.367096 0.02 0.0805772
0.392238 0.02 0.0794092
0.418106 0.02 0.0782017
0.450939 0.02 0.0717391
0.472322 0.02 0.075328
0.51234 0.02 0.0807949
0.537723 0.02 0.0610302
0.57862 0.02 0.0647128
0.0199974 0.02 0.0580524
0.0335234 0.02 0.0847127
0.0615132 0.02 0.0767233
0.0786344 0.02 0.0749338
0.102457 0.02 0.0767552
0.12097 0.02 0.0739889
0.14457 0.02 0.0801285
0.165765 0.02 0.080755
0.18646 0.02 0.0829303
0.203379 0.02 0.0741909
0.222235 0.02 0.0768614
0.24685 0.02 0.0800344
0.268986 0.02 0.0796861
0.288301 0.02 0.0763331
0.308398 0.02 0.0762064
0.327449 0.02 0.0751566
0.353618 0.02 0.0817
0.378541 0.02 0.0790227
0.403517 0.02 0.0788584
0.429946 0.02 0.0770934
0.450043 0.02 0.0858993
0.484845 0.02 0.072563
0.513233 0.02 0.0580141
0.549638 0.02 0.077646
0.579136 0.02 0.0647731
0.019991 0.02 0.0689542
0.0430666 0.02 0.052576
0.064814 0.02 0.0559696
0.0798369 0.02 0.0567841
0.100074 0.02 0.0610923
0.119055 0.02 0.0545759
0.141986 0.02 0.0609724
0.16303 0.02 0.0573424
0.183133 0.02 0.062246
0.201615 0.02 0.0535323
0.222552 0.02 0.059986
0.242136 0.02 0.0607246
0.262059 0.02 0.0624829
0.283483 0.02 0.0566167
0.304686 0.02 0.0604621
0.327519 0.02 0.0550368
0.350098 0.02 0.0622692
0.374033 0.02 0.0593494
0.398377 0.02 0.0608484
0.423937 0.02 0.0594981
0.448435 0.02 0.0556669
0.478983 0.02 0.0588971
0.504333 0.02 0.0594086
0.546216 0.02 0.0549625
0.58005 0.02 0.0646527
0.0199979 0.02 0.0543142
0.0428864 0.02 0.0543399
0.0573623 0.02 0.0483767
0.0810564 0.02 0.0500464
0.0987626 0.02 0.0452674
0.120676 0.02 0.0479831
0.137472 0.02 0.046009
0.160427 0.02 0.0489284
0.179979 0.02 0.0435855
0.201898 0.02 0.047947
0.221624 0.02 0.0447782
0.242693 0.02 0.0471032
0.264734 0.02 0.0463994
0.284235 0.02 0.0501458
0.30641 0.02 0.0470996
0.32771 0.02 0.0499456
0.350735 0.02 0.0484022
0.374227 0.02 0.0537889
0.397935 0.02 0.0525643
0.42373 0.02 0.0536381
0.449084 0.02 0.0512333
0.478292 0.02 0.0535816
0.509409 0.02 0.0521981
0.544158 0.02 0.0518719
0.578131 0.02 0.0636687
0.0199814 0.02 0.0540292
0.0369524 0.02 0.0530236
0.0569975 0.02 0.0506431
0.0793254 0.02 0.0510215
0.099613 0.02 0.0468053
0.120391 0.02 0.0493701
0.139127 0.02 0.0473045
0.160875 0.02 0.0497837
0.180475 0.02 0.0465692
0.201727 0.02 0.0489982
0.22176 0.02 0.0462348
0.242775 0.02 0.0495096
0.26454 0.02 0.0481007
0.284394 0.02 0.0510938
0.306609 0.02 0.0484382
0.327823 0.02 0.051532
0.350415 0.02 0.050841
0.374033 0.02 0.0540627
0.397708 0.02 0.0530259
0.423431 0.02 0.0542512
0.448647 0.02 0.0527252
0.476741 0.02 0.0530513
0.508483 0.02 0.0527298
0.539591 0.02 0.052965
0.574401 0.02 0.0623282
0.02 0.0219069 0.0738258
0.037862 0.0283908 0.0619056
0.0579901 0.0269092 0.0608517
0.0794825 0.0269465 0.0617364
0.0996997 0.0257087 0.0598353
0.12018 0.0264304 0.0586464
0.140051 0.0248713 0.0588858
0.160657 0.0247305 0.058092
0.180758 0.0244305 0.0582133
0.201369 0.0251416 0.0576262
0.22224 0.0251149 0.0573294
0.242744 0.0232398 0.0590118
0.263718 0.0242456 0.0588696
0.284674 0.0247856 0.0584618
0.30629 0.0239059 0.0590942
0.327996 0.0234337 0.0593451
0.350204 0.0225177 0.0604517
0.373499 0.0214037 0.0598592
0.397573 0.02126 0.0599386
0.423163 0.02 0.0591026
0.44814 0.02 0.0591268
0.475394 0.02 0.058982
0.505306 0.02 0.0573116
0.534637 0.02 0.0586081
0.569154 0.02 0.0612392
0.02 0.024941 0.0659787
0.0378867 0.0281702 0.0715469
0.0583384 0.0280218 0.0693001
0.0792515 0.0290376 0.0671176
0.0996875 0.028612 0.0654784
0.120013 0.0283315 0.0652785
0.140247 0.0281628 0.0639378
0.160877 0.0275631 0.0640427
0.180837 0.0277121 0.0628423
0.201389 0.0273133 0.0640773
0.222131 0.0278831 0.0638372
0.242597 0.0267519 0.0633885
0.263425 0.0274708 0.0638554
0.284369 0.0267406 0.0650825
0.306034 0.0268558 0.0645055
0.327615 0.0262013 0.064558
0.349995 0.0258212 0.0640064
0.373076 0.0253525 0.0645422
0.397134 0.0248194 0.0641151
0.42238 0.0241821 0.0633204
0.447443 0.0229515 0.0614654
0.474362 0.0216808 0.0611279
0.503085 0.0219121 0.0610119
0.532364 0.0206047 0.0594843
0.563487 0.02 0.0601385
0.028563 0.02 0.113054
0.0491372 0.02 0.115384
0.0692836 0.02 0.115851
0.0901793 0.02 0.116646
0.110471 0.02 0.116166
0.13171 0.02 0.116479
0.151195 0.02 0.115704
0.171215 0.02 0.115707
0.191362 0.02 0.11597
0.211754 0.02 0.116576
0.232048 0.02 0.11614
0.252543 0.02 0.115731
0.273239 0.02 0.115462
0.294239 0.02 0.114875
0.315532 0.02 0.114238
0.337579 0.02 0.113292
0.360093 0.02 0.112094
0.383783 0.02 0.110732
0.408467 0.02 0.108572
0.43481 0.02 0.105651
0.462029 0.02 0.102563
0.492757 0.02 0.0980711
0.524291 0.02 0.0935737
0.562769 0.02 0.086361
0.0201757 0.02 0.115581
0.0479892 0.02 0.124506
0.0686892 0.02 0.125698
0.0900515 0.02 0.126187
0.110527 0.02 0.126157
0.13121 0.02 0.126595
0.152732 0.02 0.130775
0.171996 0.02 0.130175
0.191606 0.02 0.130714
0.211735 0.02 0.130752
0.232003 0.02 0.130535
0.252397 0.02 0.130053
0.273017 0.02 0.129676
0.293956 0.02 0.129106
0.315342 0.02 0.128376
0.337313 0.02 0.127072
0.359849 0.02 0.125342
0.383307 0.02 0.123389
0.40781 0.02 0.120903
0.4339 0.02 0.118069
0.461132 0.02 0.114217
0.492085 0.02 0.109749
0.524018 0.02 0.104388
0.57026 0.02 0.0918771
0.0202101 0.02 0.115081
0.0463084 0.02 0.120534
0.0688536 0.02 0.124076
0.0897448 0.02 0.123804
0.110484 0.02 0.124211
0.131238 0.02 0.123488
0.151372 0.02 0.122848
0.17149 0.02 0.123357
0.191449 0.02 0.124077
0.211672 0.02 0.124489
0.232077 0.02 0.124138
0.252426 0.02 0.123515
0.273061 0.02 0.123389
0.294027 0.02 0.122815
0.315478 0.02 0.122237
0.337537 0.02 0.120918
0.360112 0.02 0.119123
0.383571 0.02 0.117183
0.408239 0.02 0.114822
0.434237 0.02 0.112031
0.461713 0.02 0.10861
0.492301 0.02 0.104292
0.52409 0.02 0.0993603
0.567661 0.02 0.0886184
0.0212816 0.02 0.106752
0.0486744 0.02 0.11175
0.0683134 0.02 0.111025
0.0900378 0.02 0.112259
0.110142 0.02 0.111191
0.130406 0.02 0.111718
0.150738 0.02 0.10976
0.170887 0.02 0.109355
0.191199 0.02 0.110018
0.211691 0.02 0.110302
0.232203 0.02 0.109964
0.252613 0.02 0.109422
0.273312 0.02 0.10943
0.294403 0.02 0.108849
0.315715 0.02 0.10837
0.337945 0.02 0.107452
0.360375 0.02 0.106455
0.38408 0.02 0.105428
0.408699 0.02 0.103716
0.434848 0.02 0.101544
0.461896 0.02 0.0991764
0.492098 0.02 0.0964079
0.522909 0.02 0.0931388
0.563118 0.02 0.0863158
0.0235183 0.02 0.10061
0.0477624 0.02 0.102253
0.0685472 0.02 0.100675
0.0896883 0.02 0.101156
0.109771 0.02 0.100754
0.130439 0.02 0.101392
0.150731 0.02 0.101263
0.171107 0.02 0.101026
0.19117 0.02 0.100842
0.211712 0.02 0.100569
0.232171 0.02 0.10078
0.252778 0.02 0.100917
0.273486 0.02 0.100389
0.294718 0.02 0.0998953
0.315868 0.02 0.0992155
0.338139 0.02 0.0988997
0.360455 0.02 0.0984288
0.384434 0.02 0.0977027
0.408937 0.02 0.0961272
0.434985 0.02 0.0938575
0.461865 0.02 0.0918567
0.491136 0.02 0.0887515
0.520753 0.02 0.0857554
0.55653 0.02 0.0815212
0.0259412 0.02 0.0940466
0.0482922 0.02 0.0924754
0.0687254 0.020784 0.0912572
0.089579 0.0212357 0.0899393
0.109607 0.0212328 0.0900118
0.129779 0.022221 0.0897072
0.150309 0.0216939 0.0902058
0.171264 0.021892 0.0897949
0.191489 0.0221776 0.0896601
0.21169 0.0214278 0.0889498
0.231983 0.0217946 0.0894433
0.252993 0.0217296 0.0900942
0.273809 0.0213933 0.0896527
0.294929 0.0205801 0.089295
0.316064 0.0203652 0.0888518
0.338067 0.0205906 0.0886282
0.360686 0.0203989 0.0882203
0.384666 0.0203222 0.087456
0.409127 0.0201125 0.0860874
0.434797 0.02 0.0842464
0.461697 0.02 0.0826421
0.490173 0.02 0.0795626
0.518963 0.02 0.0769435
0.550857 0.02 0.0751485
0.0272565 0.0240872 0.0885882
0.0484128 0.0246557 0.0875077
0.0686344 0.0250531 0.0859766
0.0896328 0.0256517 0.0845432
0.109599 0.0256835 0.083921
0.129882 0.0264169 0.0828575
0.150347 0.0263347 0.0834897
0.171171 0.0264909 0.0825675
0.191409 0.026056 0.0818858
0.21167 0.0256604 0.082252
0.232011 0.0257994 0.0821676
0.252976 0.0259665 0.0825189
0.273985 0.0254577 0.0825371
0.294983 0.024855 0.0830902
0.31618 0.0246428 0.0829434
0.338109 0.0249028 0.0824617
0.360869 0.0247494 0.082276
0.384584 0.024594 0.0817052
0.409007 0.0243374 0.0807256
0.434424 0.023825 0.079222
0.460971 0.0237125 0.0778348
0.488596 0.0233689 0.0761049
0.517132 0.022031 0.0743606
0.546609 0.0217208 0.0727045
0.0203679 0.02 0.133512
0.0367801 0.02 0.137008
0.0579995 0.02 0.141283
0.0794015 0.02 0.143184
0.100085 0.02 0.143767
0.120832 0.02 0.14394
0.141811 0.02 0.142457
0.161503 0.02 0.140917
0.181346 0.02 0.140672
0.20163 0.02 0.140891
0.221854 0.02 0.140798
0.242155 0.02 0.140446
0.262635 0.02 0.140025
0.283374 0.02 0.139534
0.304434 0.02 0.138871
0.32604 0.02 0.137882
0.348161 0.02 0.136424
0.371053 0.02 0.134628
0.394996 0.02 0.132353
0.419976 0.02 0.129644
0.447036 0.02 0.125832
0.474758 0.02 0.121673
0.507807 0.02 0.115099
0.540085 0.02 0.108483
0.57739 0.02 0.100568
0.0203688 0.02 0.135227
0.0361491 0.02 0.139472
0.0580187 0.02 0.144457
0.0793053 0.02 0.146368
0.100147 0.02 0.147002
0.120859 0.02 0.147183
0.142299 0.02 0.145537
0.162048 0.02 0.143507
0.18147 0.02 0.142783
0.201669 0.02 0.14296
0.221863 0.02 0.142846
0.242145 0.02 0.142495
0.262621 0.02 0.142069
0.283348 0.02 0.141565
0.304409 0.02 0.140895
0.325998 0.02 0.139901
0.348111 0.02 0.138448
0.370995 0.02 0.136654
0.394914 0.02 0.134394
0.419895 0.02 0.131694
0.446863 0.02 0.127921
0.474656 0.02 0.123713
0.507504 0.02 0.117153
0.540847 0.02 0.109856
0.578156 0.02 0.101228
0.0203896 0.02 0.136709
0.0347611 0.02 0.141599
0.0578171 0.02 0.14876
0.0792628 0.02 0.150735
0.100125 0.02 0.151344
0.120716 0.02 0.151725
0.142206 0.02 0.150762
