0.02 0.0199788 0.098972
0.0458966 0.02 0.0985792
0.057723 0.02 0.113613
0.0829889 0.02 0.112775
0.0982746 0.02 0.111266
0.12088 0.02 0.112404
0.136017 0.02 0.105416
0.156541 0.02 0.101869
0.178368 0.02 0.103441
0.202625 0.02 0.113202
0.223573 0.02 0.112038
0.239748 0.02 0.105038
0.262198 0.02 0.106876
0.284853 0.02 0.1094
0.308327 0.02 0.110347
0.331516 0.02 0.111249
0.350459 0.02 0.101047
0.374153 0.02 0.101015
0.400814 0.02 0.099574
0.428295 0.02 0.0980592
0.463187 0.02 0.0911159
0.485943 0.02 0.0944678
0.528415 0.02 0.0994568
0.55562 0.02 0.0792091
0.597903 0.02 0.0826065
0.02 0.0199788 0.0781207
0.0333551 0.02 0.107434
0.0617091 0.02 0.0986151
0.0788301 0.02 0.096743
0.102682 0.02 0.0982271
0.121329 0.02 0.095248
0.145121 0.02 0.101399
0.166572 0.02 0.101955
0.187532 0.02 0.104176
0.204808 0.02 0.0948934
0.223991 0.02 0.0976019
0.249128 0.02 0.100873
0.271851 0.02 0.100464
0.291864 0.02 0.0969672
0.312742 0.02 0.0967368
0.33258 0.02 0.0955919
0.359959 0.02 0.102235
0.386346 0.02 0.0993233
0.412837 0.02 0.0988877
0.440956 0.02 0.0967816
0.462128 0.02 0.105499
0.499373 0.02 0.0914956
0.529681 0.02 0.0765015
0.568172 0.02 0.0957161
0.598426 0.02 0.0826652
0.019984 0.02 0.0899728
0.0433692 0.02 0.0711308
0.0650443 0.02 0.0750156
0.0802198 0.02 0.0755293
0.100409 0.02 0.0809862
0.119383 0.02 0.0732024
0.142681 0.02 0.0807306
0.164158 0.02 0.0766916
0.184176 0.02 0.0820133
0.203052 0.02 0.0724858
0.224435 0.02 0.0796989
0.244348 0.02 0.0806429
0.264796 0.02 0.0824285
0.286863 0.02 0.0762912
0.309012 0.02 0.0804304
0.33272 0.02 0.074864
0.356329 0.02 0.0822671
0.381613 0.02 0.0790769
0.407426 0.02 0.0805262
0.434643 0.02 0.0789574
0.460573 0.02 0.0749368
0.493124 0.02 0.0778409
0.520106 0.02 0.0780373
0.564596 0.02 0.0730304
0.599355 0.02 0.0825414
0.0199969 0.02 0.0741156
0.0432442 0.02 0.0730172
0.0576473 0.02 0.0668524
0.0814422 0.02 0.0684432
0.0990636 0.02 0.0638484
0.121205 0.02 0.0662831
0.138286 0.02 0.064731
0.161288 0.02 0.0676151
0.181059 0.02 0.0624303
0.20334 0.02 0.0666921
0.223514 0.02 0.063814
0.244972 0.02 0.0663144
0.267511 0.02 0.0657896
0.287691 0.02 0.0695589
0.310792 0.02 0.0667513
0.332921 0.02 0.0696852
0.357 0.02 0.0681393
0.381819 0.02 0.0734212
0.406958 0.02 0.0721247
0.434452 0.02 0.0730349
0.461275 0.02 0.0704656
0.492399 0.02 0.0725153
0.52563 0.02 0.0707196
0.562453 0.02 0.0699539
0.59741 0.02 0.081563
0.0199851 0.02 0.0738131
0.0367718 0.02 0.0716547
0.0573065 0.02 0.0692073
0.0796489 0.02 0.0694303
0.0998994 0.02 0.0654338
0.120906 0.02 0.0676916
0.139918 0.02 0.066097
0.161756 0.02 0.0684938
0.181557 0.02 0.0654687
0.203163 0.02 0.0677617
0.223655 0.02 0.0653071
0.245059 0.02 0.0687644
0.267315 0.02 0.0675177
0.287858 0.02 0.070531
0.310998 0.02 0.0681135
0.333038 0.02 0.0712994
0.356665 0.02 0.0706248
0.381613 0.02 0.0736995
0.406718 0.02 0.0725928
0.434129 0.02 0.0736564
0.460805 0.02 0.0719731
0.490715 0.02 0.0720078
0.524623 0.02 0.0712691
0.557646 0.02 0.0710989
0.593619 0.02 0.0802348
0.0199992 0.02 0.0952658
0.0379257 0.0241456 0.0822087
0.0583622 0.0201295 0.0808292
0.0798632 0.0206498 0.0819438
0.100036 0.02 0.0794646
0.120719 0.0201215 0.0786058
0.140827 0.02 0.078466
0.161264 0.02 0.0776441
0.181842 0.02 0.0777401
0.202731 0.02 0.0773564
0.22414 0.02 0.0768487
0.245043 0.02 0.0786299
0.266481 0.02 0.0786532
0.288234 0.02 0.0784059
0.310659 0.02 0.0790298
0.33322 0.02 0.0793388
0.356437 0.02 0.0804173
0.381041 0.02 0.0795881
0.406572 0.02 0.0795955
0.433817 0.02 0.0785613
0.460253 0.02 0.0784205
0.489243 0.02 0.0779793
0.52116 0.02 0.0759192
0.552335 0.02 0.076827
0.588255 0.02 0.0791692
0.0199904 0.02 0.0867364
0.0379129 0.0217411 0.093819
0.0587335 0.0204139 0.090681
0.0795253 0.0213541 0.088671
0.100042 0.0209224 0.08592
0.12042 0.0206263 0.0862556
0.140981 0.0205302 0.08396
0.161712 0.0201522 0.0844263
0.18191 0.0201579 0.082658
0.202787 0.02 0.0843266
0.224002 0.0203914 0.0837391
0.244853 0.02 0.083369
0.266178 0.0201902 0.0838506
0.287813 0.02 0.0853538
0.310372 0.02 0.0845931
0.332806 0.02 0.0846779
0.356218 0.02 0.0840376
0.380527 0.02 0.0847139
0.406081 0.02 0.0839884
0.432922 0.02 0.0829621
0.459503 0.02 0.0807846
0.488131 0.02 0.0801489
0.518765 0.02 0.0796632
0.549909 0.02 0.0777386
0.582429 0.02 0.0781002
0.0284425 0.02 0.137043
0.0490661 0.02 0.139404
0.0692581 0.02 0.139824
0.0902014 0.02 0.14056
0.110571 0.02 0.139956
0.131949 0.02 0.140162
0.151638 0.02 0.139235
0.171912 0.02 0.139058
0.192361 0.02 0.139125
0.213088 0.02 0.139564
0.233771 0.02 0.138956
0.254748 0.02 0.138376
0.276026 0.02 0.137904
0.297733 0.02 0.137089
0.319868 0.02 0.136203
0.342915 0.02 0.134985
0.366595 0.02 0.133469
0.391635 0.02 0.131742
0.417792 0.02 0.129161
0.445818 0.02 0.125759
0.474619 0.02 0.12223
0.507626 0.02 0.117122
0.54086 0.02 0.112201
0.581893 0.02 0.104311
0.0200479 0.02 0.139675
0.0479073 0.02 0.148827
0.0686484 0.02 0.15004
0.0900635 0.02 0.150496
0.11062 0.02 0.150369
0.13144 0.02 0.150687
0.153162 0.02 0.154778
0.172672 0.02 0.153945
0.192563 0.02 0.154303
0.213023 0.02 0.154155
0.233679 0.02 0.153745
0.254545 0.02 0.153059
0.275738 0.02 0.15247
0.297369 0.02 0.151661
0.319588 0.02 0.150657
0.342559 0.02 0.14903
0.366248 0.02 0.14694
0.391035 0.02 0.144584
0.416989 0.02 0.14166
0.444693 0.02 0.138344
0.473515 0.02 0.134019
0.506671 0.02 0.128933
0.540433 0.02 0.123082
0.589575 0.02 0.109785
0.0200817 0.02 0.139162
0.0462258 0.02 0.144742
0.0688145 0.02 0.148374
0.0897573 0.02 0.148041
0.110577 0.02 0.148364
0.131467 0.02 0.147484
0.151799 0.02 0.146639
0.172171 0.02 0.146953
0.192419 0.02 0.147507
0.212974 0.02 0.147754
0.233773 0.02 0.147209
0.254595 0.02 0.146382
0.275803 0.02 0.146061
0.297466 0.02 0.145256
0.319756 0.02 0.144411
0.342822 0.02 0.142777
0.366564 0.02 0.140636
0.391357 0.02 0.138304
0.417491 0.02 0.135511
0.445127 0.02 0.132235
0.474192 0.02 0.128352
0.507006 0.02 0.123419
0.540541 0.02 0.118034
0.58691 0.02 0.106539
0.0211437 0.02 0.130502
0.0486052 0.02 0.135619
0.0682978 0.02 0.134797
0.0900667 0.02 0.135967
0.110246 0.02 0.134737
0.130642 0.02 0.135157
0.151199 0.02 0.132924
0.171612 0.02 0.13231
0.192225 0.02 0.132856
0.213057 0.02 0.133003
0.233963 0.02 0.132479
0.254859 0.02 0.131754
0.276141 0.02 0.131606
0.29795 0.02 0.13083
0.320105 0.02 0.13013
0.343359 0.02 0.128947
0.366943 0.02 0.127664
0.392004 0.02 0.126307
0.418093 0.02 0.124206
0.445917 0.02 0.121584
0.474522 0.02 0.118803
0.506938 0.02 0.115457
0.539405 0.02 0.111783
0.582253 0.02 0.104263
0.0233793 0.02 0.124018
0.0477141 0.02 0.125739
0.068571 0.02 0.123988
0.0897374 0.02 0.124343
0.109904 0.02 0.123755
0.130696 0.02 0.124277
0.15123 0.02 0.12393
0.171873 0.02 0.123488
0.19225 0.02 0.123168
0.213138 0.02 0.122718
0.233985 0.02 0.1228
0.255084 0.02 0.12282
0.276387 0.02 0.122155
0.298347 0.02 0.121504
0.320339 0.02 0.120644
0.343625 0.02 0.120121
0.367087 0.02 0.119417
0.392451 0.02 0.118392
0.418429 0.02 0.116457
0.446151 0.02 0.113769
0.474606 0.02 0.111372
0.505975 0.02 0.107739
0.537274 0.02 0.10435
0.57546 0.02 0.0995072
0.0257938 0.02 0.117125
0.0483077 0.02 0.115554
0.068803 0.02 0.114066
0.0896666 0.02 0.112449
0.109787 0.02 0.112321
0.130046 0.02 0.111866
0.150878 0.02 0.112198
0.172075 0.02 0.111592
0.192645 0.02 0.11136
0.213182 0.02 0.110486
0.233848 0.02 0.110864
0.255366 0.02 0.111453
0.276779 0.02 0.110935
0.298644 0.02 0.110471
0.320612 0.02 0.109883
0.343628 0.02 0.109498
0.367387 0.02 0.108907
0.392768 0.02 0.107897
0.418712 0.02 0.106204
0.446012 0.02 0.103991
0.474545 0.02 0.102017
0.504977 0.02 0.0984805
0.5355 0.02 0.0954796
0.569522 0.02 0.093179
0.027056 0.02 0.111425
0.0485102 0.02 0.110409
0.068731 0.02 0.108516
0.0897979 0.02 0.10675
0.109786 0.02 0.105869
0.130218 0.02 0.104567
0.150949 0.02 0.10501
0.172037 0.02 0.103893
0.19258 0.02 0.103093
0.213209 0.02 0.103422
0.23391 0.02 0.10319
0.255386 0.02 0.103499
0.276989 0.02 0.10349
0.298747 0.02 0.104008
0.320775 0.02 0.103744
0.343707 0.02 0.103114
0.367617 0.02 0.102781
0.39273 0.02 0.101995
0.418638 0.02 0.100721
0.445667 0.02 0.0988836
0.473836 0.02 0.0971489
0.503333 0.02 0.095014
0.533588 0.02 0.0929038
0.56504 0.02 0.0907857
0.0202541 0.02 0.157978
0.0366829 0.02 0.161542
0.0579364 0.02 0.165935
0.0793817 0.02 0.1679
0.100129 0.02 0.168462
0.120977 0.02 0.168541
0.142103 0.02 0.166861
0.162008 0.02 0.165055
0.18213 0.02 0.164545
0.202723 0.02 0.164558
0.223298 0.02 0.164273
0.244021 0.02 0.163724
0.265015 0.02 0.163091
0.286378 0.02 0.162367
0.308189 0.02 0.161438
0.330705 0.02 0.160142
0.353908 0.02 0.158327
0.378056 0.02 0.156129
0.403408 0.02 0.153412
0.429891 0.02 0.150237
0.458623 0.02 0.145911
0.487927 0.02 0.141287
0.523381 0.02 0.134029
0.557104 0.02 0.12704
0.596931 0.02 0.118435
0.0202558 0.02 0.159719
0.036052 0.02 0.164038
0.0579559 0.02 0.169159
0.0792852 0.02 0.171135
0.100191 0.02 0.171751
0.121003 0.02 0.171841
0.142588 0.02 0.169998
0.162551 0.02 0.167695
0.182252 0.02 0.166693
0.202758 0.02 0.166661
0.223303 0.02 0.166353
0.244005 0.02 0.165804
0.264995 0.02 0.165164
0.286344 0.02 0.164426
0.308156 0.02 0.163488
0.330653 0.02 0.162184
0.353846 0.02 0.160372
0.377982 0.02 0.158175
0.403305 0.02 0.155471
0.429783 0.02 0.152304
0.45842 0.02 0.148017
0.487772 0.02 0.143348
0.523017 0.02 0.136104
0.55787 0.02 0.128414
0.597708 0.02 0.119094
0.0202773 0.02 0.161222
0.0346635 0.02 0.166188
0.0577551 0.02 0.173524
0.0792426 0.02 0.17556
0.100169 0.02 0.176153
0.120857 0.02 0.176447
0.142484 0.02 0.17531
