0.0200336 0.02 0.117225
0.0462465 0.02 0.116909
0.0579845 0.02 0.132188
0.0833328 0.02 0.131187
0.0986682 0.02 0.129575
0.121365 0.02 0.130662
0.136615 0.02 0.123455
0.157313 0.02 0.11976
0.179356 0.02 0.121297
0.20391 0.02 0.13116
0.225192 0.02 0.129896
0.241679 0.02 0.12273
0.264612 0.02 0.124525
0.287835 0.02 0.127009
0.312006 0.02 0.12786
0.335964 0.02 0.128652
0.355627 0.02 0.118249
0.380241 0.02 0.118062
0.407987 0.02 0.11642
0.436619 0.02 0.114683
0.472973 0.02 0.10743
0.496788 0.02 0.110558
0.541115 0.02 0.115135
0.569747 0.02 0.0945402
0.612934 0.02 0.0977253
0.0200301 0.02 0.0957629
0.0334769 0.02 0.126002
0.0621226 0.02 0.116762
0.079264 0.02 0.114745
0.103143 0.02 0.116212
0.121876 0.02 0.113102
0.145802 0.02 0.119322
0.167444 0.02 0.119812
0.188634 0.02 0.122021
0.206163 0.02 0.112523
0.225655 0.02 0.115228
0.251274 0.02 0.118476
0.274529 0.02 0.118002
0.295086 0.02 0.114401
0.316616 0.02 0.11409
0.337113 0.02 0.112847
0.365483 0.02 0.119388
0.392948 0.02 0.116272
0.420519 0.02 0.115638
0.449848 0.02 0.113288
0.471811 0.02 0.121868
0.510891 0.02 0.107433
0.542676 0.02 0.0920973
0.582752 0.02 0.110943
0.613462 0.02 0.0977828
0.0200388 0.02 0.107973
0.0439075 0.02 0.0882837
0.0656226 0.02 0.0924979
0.0807555 0.02 0.0930564
0.100929 0.02 0.0985891
0.119975 0.02 0.0906807
0.143389 0.02 0.0982774
0.16505 0.02 0.0941505
0.185273 0.02 0.0994945
0.204419 0.02 0.0898407
0.226126 0.02 0.0970934
0.246418 0.02 0.0980251
0.267335 0.02 0.0997949
0.289975 0.02 0.0935731
0.312795 0.02 0.097678
0.337268 0.02 0.0920071
0.361738 0.02 0.0993345
0.388031 0.02 0.0959901
0.414891 0.02 0.0972697
0.443313 0.02 0.0954767
0.47026 0.02 0.0912512
0.504386 0.02 0.0938246
0.532616 0.02 0.0937439
0.579026 0.02 0.0882893
0.6144 0.02 0.0976569
0.0200349 0.02 0.0916532
0.0438027 0.02 0.0901912
0.0582681 0.02 0.0841598
0.0819869 0.02 0.0858983
0.0996054 0.02 0.0812743
0.121808 0.02 0.0837108
0.138984 0.02 0.0821241
0.162172 0.02 0.0849954
0.182146 0.02 0.0797593
0.204709 0.02 0.0840164
0.225194 0.02 0.0811089
0.247053 0.02 0.083605
0.270103 0.02 0.0830585
0.290821 0.02 0.0868094
0.314625 0.02 0.0839406
0.33747 0.02 0.0868129
0.362413 0.02 0.0851639
0.388245 0.02 0.0903201
0.414412 0.02 0.0888567
0.443143 0.02 0.0895439
0.471003 0.02 0.086767
0.503639 0.02 0.0885007
0.5385 0.02 0.0863424
0.57683 0.02 0.085225
0.612438 0.02 0.0966825
0.0200443 0.02 0.091345
0.0370468 0.02 0.0887969
0.0579369 0.02 0.0865475
0.0801948 0.02 0.0868949
0.100441 0.02 0.0828712
0.121507 0.02 0.0851271
0.140625 0.02 0.0834956
0.162643 0.02 0.0858791
0.182648 0.02 0.0828078
0.20453 0.02 0.0850897
0.225337 0.02 0.0826086
0.247143 0.02 0.0860629
0.269904 0.02 0.0847919
0.290991 0.02 0.0877852
0.314837 0.02 0.0853061
0.337593 0.02 0.0884316
0.362071 0.02 0.0876571
0.388031 0.02 0.0906001
0.41416 0.02 0.0893276
0.442801 0.02 0.0901696
0.470507 0.02 0.0882814
0.501838 0.02 0.0880186
0.537432 0.02 0.086906
0.571877 0.02 0.0864045
0.608608 0.02 0.0953633
0.0200355 0.02 0.113412
0.0383199 0.0200488 0.100194
0.0589956 0.02 0.098415
0.0803786 0.02 0.0995772
0.10056 0.02 0.0970446
0.121307 0.02 0.0961455
0.141527 0.02 0.0959832
0.162136 0.02 0.0951162
0.182928 0.02 0.0951772
0.204092 0.02 0.0947467
0.225827 0.02 0.0942151
0.247123 0.02 0.0959951
0.269053 0.02 0.0959888
0.291376 0.02 0.0956983
0.314484 0.02 0.0962664
0.337785 0.02 0.0964986
0.361846 0.02 0.0974793
0.387436 0.02 0.0965061
0.414002 0.02 0.0963437
0.44245 0.02 0.0950874
0.469919 0.02 0.0947421
0.500264 0.02 0.094015
0.533737 0.02 0.0916099
0.566306 0.02 0.0921944
0.603174 0.02 0.0943141
0.0200379 0.02 0.104644
0.0381344 0.02 0.112127
0.0592668 0.02 0.10858
0.08001 0.02 0.106449
0.100547 0.02 0.10361
0.120991 0.02 0.10392
0.141675 0.02 0.101551
0.162575 0.02 0.101988
0.182987 0.02 0.100152
0.204136 0.02 0.101799
0.225687 0.02 0.101171
0.246932 0.02 0.100773
0.268743 0.02 0.101226
0.290941 0.02 0.102693
0.314187 0.02 0.101858
0.337364 0.02 0.101861
0.361627 0.02 0.10111
0.386895 0.02 0.101648
0.413486 0.02 0.100748
0.441499 0.02 0.0995039
0.46913 0.02 0.0971165
0.499093 0.02 0.0961984
0.531204 0.02 0.0953864
0.563756 0.02 0.0931353
0.597242 0.02 0.0932699
0.0285045 0.02 0.156229
0.0491765 0.02 0.158571
0.069429 0.02 0.158934
0.0904437 0.02 0.159608
0.110904 0.02 0.158911
0.132404 0.02 0.159032
0.152251 0.02 0.157991
0.172732 0.02 0.157689
0.19344 0.02 0.157619
0.214475 0.02 0.157935
0.235523 0.02 0.157211
0.256937 0.02 0.156511
0.278725 0.02 0.155908
0.301039 0.02 0.154949
0.323875 0.02 0.153906
0.347725 0.02 0.152514
0.372301 0.02 0.1508
0.398332 0.02 0.148849
0.425535 0.02 0.146026
0.454756 0.02 0.142344
0.484624 0.02 0.138564
0.519451 0.02 0.133022
0.553877 0.02 0.127819
0.596853 0.02 0.119449
0.020095 0.02 0.158919
0.0479909 0.02 0.168145
0.0687865 0.02 0.16933
0.0902753 0.02 0.169725
0.110924 0.02 0.169511
0.131868 0.02 0.169729
0.153755 0.02 0.173728
0.173479 0.02 0.172734
0.193622 0.02 0.172955
0.214389 0.02 0.172671
0.235408 0.02 0.172129
0.256706 0.02 0.171308
0.278406 0.02 0.170582
0.300634 0.02 0.169623
0.323547 0.02 0.168452
0.347318 0.02 0.166635
0.371891 0.02 0.164335
0.397648 0.02 0.16175
0.424626 0.02 0.158581
0.453469 0.02 0.154992
0.483382 0.02 0.150402
0.518279 0.02 0.144895
0.553352 0.02 0.138727
0.604647 0.02 0.124896
0.0201293 0.02 0.1584
0.0463137 0.02 0.164009
0.0689567 0.02 0.167642
0.0899734 0.02 0.16724
0.110886 0.02 0.16748
0.131901 0.02 0.166485
0.152394 0.02 0.165503
0.17298 0.02 0.165676
0.193483 0.02 0.166101
0.214346 0.02 0.16622
0.235512 0.02 0.165545
0.256765 0.02 0.164587
0.278479 0.02 0.164135
0.300743 0.02 0.163185
0.323732 0.02 0.162177
0.347606 0.02 0.160353
0.372238 0.02 0.158005
0.398007 0.02 0.155447
0.425179 0.02 0.152409
0.453972 0.02 0.148858
0.484112 0.02 0.144716
0.518705 0.02 0.139355
0.553485 0.02 0.133672
0.601945 0.02 0.121658
0.0212031 0.02 0.149593
0.0487257 0.02 0.154712
0.0684851 0.02 0.153806
0.090326 0.02 0.154913
0.110596 0.02 0.153578
0.131107 0.02 0.153918
0.15183 0.02 0.151539
0.17245 0.02 0.150789
0.193318 0.02 0.151227
0.214459 0.02 0.151267
0.235735 0.02 0.15063
0.257066 0.02 0.149787
0.278859 0.02 0.149526
0.301281 0.02 0.148619
0.324139 0.02 0.147774
0.348218 0.02 0.146417
0.372687 0.02 0.144947
0.398747 0.02 0.143376
0.425879 0.02 0.141042
0.454899 0.02 0.138148
0.484556 0.02 0.135124
0.518741 0.02 0.13136
0.552374 0.02 0.127412
0.597222 0.02 0.119398
0.0234505 0.02 0.142951
0.0478664 0.02 0.144644
0.0688077 0.02 0.142767
0.0900423 0.02 0.143031
0.110291 0.02 0.142341
0.131198 0.02 0.142789
0.15189 0.02 0.142329
0.172743 0.02 0.141769
0.193368 0.02 0.141346
0.214567 0.02 0.140791
0.235779 0.02 0.140783
0.257319 0.02 0.140714
0.279137 0.02 0.139948
0.301714 0.02 0.139183
0.324407 0.02 0.138194
0.348517 0.02 0.137517
0.372863 0.02 0.136639
0.399247 0.02 0.135407
0.426272 0.02 0.133248
0.455187 0.02 0.130298
0.484716 0.02 0.127661
0.517763 0.02 0.123635
0.550289 0.02 0.119961
0.590287 0.02 0.114676
0.0258778 0.02 0.135889
0.0485076 0.02 0.134244
0.0691009 0.02 0.13259
0.0900279 0.02 0.130828
0.110219 0.02 0.130616
0.130587 0.02 0.130073
0.151572 0.02 0.130336
0.172977 0.02 0.129634
0.193795 0.02 0.129319
0.214638 0.02 0.128357
0.235665 0.02 0.128662
0.257633 0.02 0.129185
0.279559 0.02 0.128586
0.302046 0.02 0.128027
0.324715 0.02 0.127325
0.348561 0.02 0.126801
0.373202 0.02 0.12605
0.399608 0.02 0.124845
0.42661 0.02 0.12294
0.455073 0.02 0.120483
0.484761 0.02 0.118259
0.516719 0.02 0.114375
0.548541 0.02 0.111075
0.58419 0.02 0.108384
0.0271442 0.02 0.130062
0.0487452 0.02 0.128985
0.0690647 0.02 0.126902
0.0901883 0.02 0.12498
0.110241 0.02 0.124011
0.130784 0.02 0.122606
0.151665 0.02 0.122986
0.172959 0.02 0.121776
0.193745 0.02 0.120904
0.21468 0.02 0.121176
0.235738 0.02 0.120873
0.257662 0.02 0.121124
0.279782 0.02 0.121051
0.30216 0.02 0.121496
0.324894 0.02 0.12113
0.34865 0.02 0.120367
0.373468 0.02 0.119879
0.399579 0.02 0.118909
0.426558 0.02 0.11743
0.454735 0.02 0.115359
0.484075 0.02 0.113376
0.515016 0.02 0.110917
0.546571 0.02 0.108511
0.579528 0.02 0.106033
0.0202847 0.02 0.177398
0.0367313 0.02 0.180977
0.0580247 0.02 0.185393
0.0795256 0.02 0.187349
0.100351 0.02 0.187855
0.121304 0.02 0.187842
0.142567 0.02 0.186022
0.16266 0.02 0.18404
0.183034 0.02 0.183345
0.203912 0.02 0.183207
0.224819 0.02 0.182783
0.245935 0.02 0.182099
0.267395 0.02 0.181327
0.289306 0.02 0.180455
0.311763 0.02 0.179363
0.335028 0.02 0.177883
0.359077 0.02 0.175861
0.384157 0.02 0.173438
0.410514 0.02 0.170477
0.438046 0.02 0.167047
0.467946 0.02 0.162435
0.49833 0.02 0.157548
0.535691 0.02 0.149823
0.570363 0.02 0.142607
0.612129 0.02 0.133517
0.0202849 0.02 0.179153
0.0360977 0.02 0.183489
0.0580412 0.02 0.188641
0.0794254 0.02 0.190607
0.10041 0.02 0.191168
0.121324 0.02 0.191166
0.143047 0.02 0.189182
0.163201 0.02 0.186699
0.183153 0.02 0.185508
0.203946 0.02 0.185322
0.224821 0.02 0.184875
0.245916 0.02 0.18419
0.267371 0.02 0.183411
0.289267 0.02 0.182524
0.311725 0.02 0.181421
0.334969 0.02 0.179933
0.359006 0.02 0.177914
0.384071 0.02 0.175491
0.410395 0.02 0.172542
0.437917 0.02 0.169122
0.467719 0.02 0.164549
0.498138 0.02 0.15962
0.535299 0.02 0.151906
0.571127 0.02 0.143982
0.612912 0.02 0.134175
0.0203054 0.02 0.180664
0.0347063 0.02 0.185652
0.0578369 0.02 0.193034
0.0793789 0.02 0.195057
0.100384 0.02 0.195596
0.121173 0.02 0.1958
0.14293 0.02 0.194533
