0.0199395 0.02 0.0215722
0.0384252 0.02 0.0221723
0.059988 0.02 0.0225189
0.0799716 0.02 0.0223959
0.100305 0.02 0.0224477
0.120467 0.02 0.0224173
0.140822 0.02 0.0229164
0.159968 0.02 0.0230712
0.180616 0.02 0.0229602
0.200424 0.02 0.0232432
0.220353 0.02 0.0232548
0.240249 0.02 0.0230927
0.260139 0.02 0.0230428
0.280092 0.02 0.0229926
0.300055 0.02 0.022963
0.320042 0.02 0.0229318
0.340071 0.02 0.0230352
0.360121 0.02 0.0230083
0.380303 0.02 0.0230535
0.400462 0.02 0.0229269
0.421133 0.02 0.0228672
0.441833 0.02 0.0226835
0.463927 0.02 0.0225809
0.486801 0.02 0.0224747
0.512123 0.02 0.0216871
0.0199398 0.02 0.0214428
0.0376722 0.02 0.0220169
0.0600256 0.02 0.0224164
0.0799315 0.02 0.0223072
0.10035 0.02 0.0223563
0.120467 0.02 0.0223892
0.141311 0.02 0.0228694
0.160374 0.02 0.0230546
0.18068 0.02 0.0229602
0.200443 0.02 0.0231462
0.22036 0.02 0.0231527
0.240251 0.02 0.0230924
0.26014 0.02 0.0230426
0.280092 0.02 0.0229924
0.300056 0.02 0.0229627
0.320042 0.02 0.0229315
0.340071 0.02 0.0230352
0.360121 0.02 0.0230083
0.380304 0.02 0.0230535
0.400464 0.02 0.0229269
0.421138 0.02 0.0229745
0.441857 0.02 0.0226824
0.463955 0.02 0.0225338
0.487311 0.02 0.0225159
0.512611 0.02 0.0216961
0.02 0.0241114 0.0214193
0.0383436 0.0206712 0.0213027
0.0607359 0.0248884 0.0211446
0.0797509 0.0231983 0.0212615
0.100463 0.0238388 0.0211582
0.120201 0.0237454 0.0213525
0.141094 0.023224 0.0214244
0.161007 0.0242091 0.0211619
0.180789 0.0226638 0.0216286
0.200383 0.0226309 0.0214896
0.220326 0.0224429 0.0215576
0.240219 0.0223853 0.0215123
0.260133 0.0223339 0.0215124
0.280086 0.0223546 0.021496
0.30006 0.0223126 0.0215003
0.320059 0.022328 0.0214916
0.340102 0.0222675 0.021503
0.360125 0.0222443 0.0215265
0.380308 0.0222183 0.021524
0.400519 0.0221242 0.0215766
0.420969 0.0220177 0.0216425
0.442093 0.0218705 0.0215792
0.463264 0.0216843 0.0220074
0.487449 0.021417 0.0214927
0.51343 0.0234705 0.0215625
0.02 0.0331528 0.0216803
0.0407744 0.0351447 0.02
0.0604916 0.0349924 0.0200042
0.0800415 0.0355221 0.02
0.100244 0.03526 0.02
0.120192 0.0350978 0.02
0.139885 0.0351225 0.02
0.160228 0.0358031 0.02
0.180367 0.034904 0.02
0.200355 0.0349163 0.02
0.22025 0.0347628 0.02
0.240177 0.0347434 0.02
0.260119 0.0347093 0.02
0.280076 0.0347038 0.02
0.300059 0.0346811 0.02
0.320062 0.0346634 0.02
0.340092 0.0346253 0.02
0.36014 0.0345519 0.02
0.380262 0.0345574 0.02
0.400527 0.0343754 0.02
0.420884 0.0342334 0.02
0.441924 0.0340761 0.02
0.46315 0.0328018 0.02
0.486464 0.0330203 0.02
0.511452 0.0315387 0.0211467
0.02 0.0411007 0.0220949
0.0381556 0.0475206 0.0201294
0.0601643 0.0443744 0.02052
0.0797429 0.0460753 0.020651
0.100119 0.0453993 0.020655
0.120056 0.0452831 0.0206551
0.140036 0.0455235 0.0206279
0.160248 0.0454764 0.0203805
0.180268 0.0453534 0.0204461
0.200278 0.0453234 0.0204636
0.220206 0.045227 0.0204334
0.240134 0.0452319 0.0204445
0.260095 0.04521 0.020441
0.280062 0.0451858 0.0204361
0.300048 0.0451799 0.0204399
0.320051 0.0451396 0.0204351
0.340071 0.0451203 0.0204409
0.360115 0.0450297 0.0204383
0.380216 0.0450242 0.0204393
0.400393 0.0448042 0.0204538
0.420773 0.0446323 0.0204116
0.441383 0.0444022 0.0203899
0.462461 0.042818 0.0203359
0.484638 0.0433323 0.0201596
0.508057 0.0391822 0.0210124
0.02 0.0497315 0.0215879
0.0388658 0.0541536 0.0210274
0.059669 0.0533527 0.0205746
0.0799016 0.0539719 0.0204131
0.0999311 0.0538219 0.0204371
0.120039 0.0538502 0.0204514
0.140064 0.0539149 0.0204818
0.160188 0.0537444 0.0204663
0.180226 0.0535983 0.0204763
0.200198 0.0534705 0.0204386
0.220147 0.0533872 0.0204216
0.240108 0.0533425 0.0204257
0.260069 0.0533045 0.0204217
0.280048 0.053278 0.0204231
0.300037 0.053258 0.0204278
0.320041 0.0532244 0.0204285
0.340055 0.0531855 0.0204316
0.360087 0.0531157 0.0204328
0.380161 0.0530399 0.0204204
0.400287 0.052842 0.0203798
0.420573 0.0525812 0.0203517
0.440949 0.0520824 0.0202554
0.461681 0.051047 0.0201773
0.482818 0.050511 0.0205694
0.504208 0.047983 0.0208318
0.02 0.0617418 0.0208659
0.0394891 0.0638186 0.0208601
0.0596855 0.064299 0.0206346
0.0798973 0.0646298 0.0205122
0.0999492 0.0647298 0.0205011
0.120036 0.0647636 0.0204786
0.140072 0.0647313 0.0204785
0.16013 0.0646594 0.0204658
0.180142 0.0644438 0.0204604
0.20012 0.0643059 0.0204503
0.220094 0.0642147 0.020445
0.240065 0.0641494 0.0204455
0.260043 0.0641078 0.0204454
0.280029 0.06408 0.0204461
0.300022 0.0640551 0.0204468
0.320023 0.06403 0.0204468
0.340031 0.0639941 0.0204454
0.360049 0.0639451 0.0204414
0.380089 0.0638739 0.0204324
0.400164 0.0637413 0.0204169
0.420314 0.0635129 0.0204033
0.44052 0.0631041 0.0203701
0.460886 0.0624391 0.0203594
0.481397 0.0616003 0.020442
0.501637 0.0601489 0.0204628
0.0271289 0.02 0.0395466
0.0488495 0.02 0.0404765
0.0694247 0.02 0.0403953
0.090094 0.02 0.0407365
0.110323 0.02 0.0405738
0.131344 0.02 0.0406222
0.150767 0.02 0.0403156
0.170687 0.02 0.0407353
0.190568 0.02 0.0407228
0.210483 0.02 0.0409821
0.230307 0.02 0.0409303
0.250222 0.02 0.0409436
0.270119 0.02 0.0409137
0.290082 0.02 0.040912
0.31004 0.02 0.0408998
0.330031 0.02 0.0409158
0.350074 0.02 0.0409025
0.370184 0.02 0.0408626
0.390321 0.02 0.040787
0.410807 0.02 0.040539
0.431272 0.02 0.0403229
0.453068 0.02 0.0394839
0.474967 0.02 0.0386205
0.49997 0.02 0.0369324
0.02 0.0254849 0.0413821
0.0485151 0.0250005 0.04586
0.0690403 0.0241182 0.0461619
0.0901061 0.0243338 0.045952
0.11034 0.0239793 0.0461469
0.130871 0.0242168 0.0464044
0.152405 0.0248974 0.049887
0.171566 0.0243086 0.0496801
0.190841 0.0242854 0.0500511
0.210569 0.0241537 0.0499984
0.230365 0.0242043 0.0500576
0.25024 0.0241696 0.049998
0.27014 0.0241607 0.0499656
0.290089 0.0241346 0.0499223
0.310056 0.0241294 0.0499023
0.330045 0.0241188 0.0498774
0.350074 0.0241293 0.0498619
0.370175 0.0241346 0.0498209
0.39032 0.0240648 0.0496549
0.410776 0.02417 0.0495481
0.431295 0.0238526 0.0489018
0.45316 0.0240518 0.0484588
0.475532 0.0234227 0.0469596
0.504815 0.0240854 0.0412592
0.0238753 0.0351267 0.0411229
0.0485939 0.0347481 0.0426903
0.0688731 0.0346895 0.0436686
0.090151 0.034368 0.0430953
0.110146 0.034541 0.0435948
0.130722 0.0344624 0.0432558
0.150819 0.0342613 0.0441915
0.171132 0.0336105 0.0446233
0.19065 0.0334185 0.0449939
0.210509 0.0333159 0.0450761
0.230314 0.0332899 0.0451495
0.250212 0.0332421 0.0451534
0.270125 0.0332108 0.0451649
0.290079 0.033182 0.0451574
0.310058 0.0331585 0.0451558
0.330055 0.0331247 0.0451546
0.350097 0.0330893 0.0451297
0.370163 0.0330548 0.0450688
0.39037 0.0329607 0.0449672
0.410729 0.032887 0.044774
0.431325 0.0326145 0.044335
0.45306 0.0322448 0.0437843
0.475122 0.0316027 0.0425585
0.502389 0.0324886 0.0386918
0.0252855 0.0409632 0.037801
0.0493541 0.0412495 0.0405666
0.0686649 0.0419973 0.0399725
0.090134 0.0417001 0.0403341
0.110018 0.0419117 0.0400907
0.130071 0.0418905 0.0399771
0.15014 0.041953 0.0393059
0.170383 0.0414044 0.0390973
0.190413 0.0412437 0.0392972
0.210374 0.0411152 0.0392882
0.230225 0.0410444 0.0393268
0.250158 0.0410155 0.0393498
0.270098 0.0409872 0.0393467
0.290061 0.0409682 0.0393406
0.310054 0.0409475 0.0393331
0.33005 0.0409227 0.0393159
0.3501 0.0408869 0.0392957
0.370145 0.0408462 0.039253
0.39034 0.0407653 0.0391866
0.410646 0.0406293 0.0390819
0.431131 0.0403991 0.0387705
0.452581 0.0399507 0.0384096
0.473982 0.0391673 0.037961
0.498933 0.0388397 0.0356048
0.0267155 0.0473868 0.0346304
0.0492528 0.0495267 0.0362704
0.0692103 0.0506432 0.0362601
0.0899534 0.0505035 0.0360176
0.10996 0.0507635 0.0362639
0.130092 0.0507405 0.0362413
0.15024 0.0507444 0.036084
0.170296 0.0504758 0.036035
0.190301 0.0503216 0.0360224
0.210242 0.0501624 0.0360961
0.230169 0.0500812 0.036104
0.250113 0.0500323 0.0360874
0.270074 0.0500016 0.0360711
0.290049 0.0499768 0.0360466
0.310045 0.049955 0.0360272
0.330047 0.0499249 0.0359957
0.350081 0.0498917 0.035957
0.370129 0.0498272 0.0359043
0.390265 0.0497186 0.0357987
0.41051 0.0495331 0.0356964
0.430901 0.0491177 0.0353894
0.451737 0.048598 0.0350221
0.472892 0.0473084 0.0345532
0.495474 0.0453103 0.0329102
0.0286671 0.0567105 0.0320387
0.0493875 0.0584168 0.0319962
0.0696304 0.0594643 0.031561
0.0899095 0.0595347 0.0315579
0.109966 0.0597433 0.0315051
0.130059 0.0597139 0.0315247
0.15011 0.0596713 0.0315165
0.170192 0.0594621 0.0315058
0.190173 0.0592637 0.0314923
0.21014 0.059144 0.0315116
0.230106 0.0590546 0.0315225
0.250072 0.0589966 0.0315224
0.270047 0.0589574 0.0315173
0.290034 0.058925 0.0315122
0.310029 0.0588961 0.0315032
0.330036 0.0588592 0.0314891
0.350053 0.0588125 0.0314652
0.370088 0.0587448 0.0314466
0.390167 0.0586303 0.0314159
0.41032 0.0584398 0.0313704
0.430565 0.0580242 0.0313105
0.450983 0.0574671 0.0311773
0.471653 0.0563187 0.0311453
0.492626 0.0547209 0.0311728
0.0295993 0.0700066 0.0307655
0.0497041 0.0709033 0.0307727
0.0698202 0.0714315 0.0306867
0.0899392 0.0716247 0.0306666
0.110006 0.0717035 0.0306579
0.130058 0.0716661 0.0306509
0.150098 0.0715632 0.0306375
0.170119 0.0713865 0.0306212
0.19011 0.0712326 0.0306067
0.210088 0.0711247 0.0305997
0.230063 0.0710471 0.0305967
0.250041 0.0710009 0.0305934
0.270027 0.0709687 0.0305907
0.290018 0.0709452 0.0305883
0.310015 0.0709246 0.0305854
0.330018 0.0709007 0.0305811
0.350027 0.0708688 0.0305746
0.370047 0.0708234 0.0305654
0.390088 0.070747 0.0305513
0.410166 0.070609 0.030531
0.430294 0.0703453 0.0304985
0.45049 0.0699271 0.0304529
0.470764 0.0692801 0.0304253
0.491021 0.068407 0.0303912
0.0199913 0.02 0.0545695
0.037836 0.02 0.056701
0.0586186 0.02 0.0589077
0.0797741 0.02 0.0595822
0.100121 0.02 0.0596917
0.120732 0.02 0.0599122
0.141615 0.02 0.0589765
0.161269 0.02 0.0581312
0.180777 0.02 0.0581211
0.200706 0.02 0.0582867
0.22048 0.02 0.0582388
0.240318 0.02 0.0581673
0.260194 0.02 0.0580749
0.280119 0.02 0.0580129
0.300066 0.02 0.0579651
0.320044 0.02 0.0579492
0.340026 0.02 0.0579611
0.360099 0.02 0.0579506
0.380239 0.02 0.0578321
0.400372 0.02 0.0577263
0.421149 0.02 0.0571737
0.441509 0.02 0.0566173
0.464295 0.02 0.054889
0.486671 0.02 0.0521764
0.511446 0.02 0.0488335
0.0199931 0.02 0.0561302
0.037142 0.02 0.0590012
0.0586594 0.02 0.0619371
0.0796765 0.02 0.0626004
0.100208 0.02 0.0627229
0.120771 0.02 0.0629146
0.14214 0.02 0.0617829
0.1618 0.02 0.0604465
0.180905 0.02 0.0600278
0.200743 0.02 0.0601632
0.220497 0.02 0.0600954
0.240318 0.02 0.0600051
0.260194 0.02 0.0599057
0.280116 0.02 0.0598354
0.300065 0.02 0.0597846
0.320042 0.02 0.0597645
0.340027 0.02 0.0597731
0.360096 0.02 0.0597629
0.380228 0.02 0.0596454
0.400379 0.02 0.0595371
0.421097 0.02 0.0589912
0.441567 0.02 0.0584064
0.464219 0.02 0.0567045
0.487301 0.02 0.0534751
0.51216 0.02 0.0494614
0.02 0.0292127 0.0576603
0.0359506 0.0313236 0.0610982
0.0585567 0.0324346 0.0656346
0.0796295 0.0326119 0.0663367
0.100218 0.0326031 0.0664247
0.120637 0.0325227 0.0667789
0.142099 0.0318108 0.0662039
