0.0200039 0.02 0.113583
0.0461931 0.02 0.113265
0.0579292 0.02 0.128491
0.0832568 0.02 0.127511
0.09858 0.02 0.125913
0.121257 0.02 0.12701
0.136485 0.02 0.119836
0.157148 0.02 0.116165
0.179146 0.02 0.117712
0.203638 0.02 0.127568
0.224852 0.02 0.126323
0.241275 0.02 0.119183
0.26411 0.02 0.120991
0.287219 0.02 0.123488
0.31125 0.02 0.12436
0.335056 0.02 0.125177
0.354581 0.02 0.114808
0.379017 0.02 0.114652
0.406555 0.02 0.11305
0.434969 0.02 0.111355
0.471045 0.02 0.104161
0.494652 0.02 0.107334
0.538618 0.02 0.111993
0.566967 0.02 0.0914657
0.609987 0.02 0.0946904
0.0199975 0.02 0.0921782
0.0334404 0.02 0.122319
0.0620517 0.02 0.113124
0.079178 0.02 0.111123
0.103043 0.02 0.112594
0.121758 0.02 0.109505
0.145655 0.02 0.115721
0.167258 0.02 0.116224
0.1884 0.02 0.11844
0.205878 0.02 0.108975
0.225307 0.02 0.111685
0.250827 0.02 0.114944
0.273975 0.02 0.114486
0.294423 0.02 0.110906
0.315823 0.02 0.110613
0.336191 0.02 0.109391
0.364368 0.02 0.115957
0.391626 0.02 0.112881
0.418992 0.02 0.112286
0.448091 0.02 0.109983
0.469903 0.02 0.118592
0.508625 0.02 0.104239
0.54012 0.02 0.0889702
0.579885 0.02 0.107889
0.610515 0.02 0.0947481
0.0200072 0.02 0.104362
0.0438423 0.02 0.0847218
0.0655337 0.02 0.0889338
0.0806555 0.02 0.0894941
0.100821 0.02 0.0950211
0.11985 0.02 0.0871314
0.14324 0.02 0.0947243
0.164863 0.02 0.0906141
0.185044 0.02 0.0959604
0.204134 0.02 0.0863283
0.225773 0.02 0.0935816
0.245988 0.02 0.0945206
0.26681 0.02 0.0962989
0.289335 0.02 0.0900952
0.312021 0.02 0.0942129
0.336344 0.02 0.0885647
0.360647 0.02 0.0959127
0.386744 0.02 0.0926007
0.413404 0.02 0.0939153
0.441597 0.02 0.0921668
0.468352 0.02 0.0879807
0.502166 0.02 0.0906211
0.530152 0.02 0.0905955
0.576191 0.02 0.085228
0.61145 0.02 0.0946226
0.0200023 0.02 0.0880755
0.0437384 0.02 0.0866263
0.0581806 0.02 0.080608
0.0818843 0.02 0.0823445
0.0994934 0.02 0.0777279
0.121681 0.02 0.0801679
0.138838 0.02 0.0785894
0.161987 0.02 0.0814685
0.181919 0.02 0.0762442
0.204424 0.02 0.0805079
0.224845 0.02 0.0776096
0.246622 0.02 0.0801123
0.269567 0.02 0.0795755
0.290178 0.02 0.0833356
0.313842 0.02 0.0804835
0.336546 0.02 0.0833724
0.361321 0.02 0.0817473
0.386957 0.02 0.0869325
0.412928 0.02 0.0855034
0.441422 0.02 0.0862355
0.469087 0.02 0.0834988
0.501424 0.02 0.0852967
0.535965 0.02 0.0832105
0.574005 0.02 0.0821614
0.609491 0.02 0.0936475
0.0200115 0.02 0.0877677
0.0369917 0.02 0.0852305
0.0578508 0.02 0.0829915
0.0800932 0.02 0.0833398
0.100329 0.02 0.0793235
0.121381 0.02 0.0815833
0.140477 0.02 0.0799605
0.162458 0.02 0.0823517
0.18242 0.02 0.0792914
0.204245 0.02 0.0815806
0.224987 0.02 0.0791085
0.246711 0.02 0.0825692
0.269369 0.02 0.0813082
0.290347 0.02 0.084311
0.314052 0.02 0.0818486
0.336668 0.02 0.0849907
0.36098 0.02 0.0842396
0.386745 0.02 0.0872122
0.412678 0.02 0.0859738
0.441084 0.02 0.0868604
0.468596 0.02 0.0850119
0.499646 0.02 0.0848093
0.534909 0.02 0.0837713
0.569078 0.02 0.0833347
0.605669 0.02 0.0923266
0.020005 0.02 0.109785
0.0382674 0.0209277 0.0966039
0.0589136 0.02 0.0948389
0.0802817 0.02 0.0960021
0.100451 0.02 0.0934795
0.121182 0.02 0.092589
0.14138 0.02 0.0924337
0.161953 0.02 0.0915776
0.182701 0.02 0.0916485
0.203808 0.02 0.0912298
0.225475 0.02 0.0907069
0.246692 0.02 0.092493
0.268522 0.02 0.0924971
0.29073 0.02 0.0922195
0.313702 0.02 0.0928033
0.336858 0.02 0.0930545
0.360755 0.02 0.0940582
0.386153 0.02 0.0931157
0.412523 0.02 0.0929882
0.440741 0.02 0.0917761
0.468015 0.02 0.0914704
0.498093 0.02 0.0908009
0.53126 0.02 0.0884646
0.563557 0.02 0.0891128
0.600248 0.02 0.0912744
0.0200059 0.02 0.101041
0.0380882 0.02 0.108501
0.0591915 0.02 0.104974
0.0799173 0.02 0.102855
0.100441 0.02 0.100031
0.120869 0.02 0.100347
0.141528 0.02 0.0979922
0.162393 0.02 0.0984374
0.182762 0.02 0.0966154
0.203854 0.02 0.0982716
0.225336 0.02 0.0976545
0.2465 0.02 0.0972659
0.268212 0.02 0.097729
0.290298 0.02 0.0992077
0.313407 0.02 0.0983916
0.336437 0.02 0.0984143
0.360535 0.02 0.0976878
0.385618 0.02 0.098255
0.412011 0.02 0.0973906
0.439801 0.02 0.0961898
0.467234 0.02 0.093843
0.496934 0.02 0.0929816
0.528755 0.02 0.0922346
0.561031 0.02 0.0900478
0.594335 0.02 0.0902256
0.02848 0.02 0.152436
0.0491431 0.02 0.154782
0.0693831 0.02 0.155153
0.0903822 0.02 0.155838
0.110823 0.02 0.155158
0.132299 0.02 0.155295
0.152114 0.02 0.154275
0.172552 0.02 0.153995
0.193207 0.02 0.15395
0.214179 0.02 0.15429
0.235153 0.02 0.153588
0.256478 0.02 0.152911
0.278163 0.02 0.152333
0.300356 0.02 0.151401
0.323053 0.02 0.150388
0.346746 0.02 0.149028
0.371149 0.02 0.147351
0.396991 0.02 0.145441
0.423995 0.02 0.142662
0.452989 0.02 0.139031
0.482658 0.02 0.135296
0.517122 0.02 0.129839
0.551323 0.02 0.124689
0.593917 0.02 0.116411
0.0200732 0.02 0.155117
0.0479619 0.02 0.164331
0.0687461 0.02 0.165522
0.0902192 0.02 0.165929
0.110849 0.02 0.165731
0.131767 0.02 0.165967
0.153621 0.02 0.169984
0.173301 0.02 0.169018
0.193392 0.02 0.169265
0.214097 0.02 0.169006
0.235042 0.02 0.168489
0.256252 0.02 0.167693
0.277849 0.02 0.166993
0.299959 0.02 0.166061
0.322734 0.02 0.164922
0.346348 0.02 0.16314
0.370751 0.02 0.160877
0.396323 0.02 0.158333
0.423107 0.02 0.155208
0.451733 0.02 0.151669
0.481441 0.02 0.147127
0.515992 0.02 0.141701
0.550815 0.02 0.135592
0.601693 0.02 0.121863
0.0201074 0.02 0.154598
0.0462841 0.02 0.160203
0.0689156 0.02 0.163837
0.0899166 0.02 0.163448
0.11081 0.02 0.163704
0.1318 0.02 0.162729
0.15226 0.02 0.161771
0.172802 0.02 0.16197
0.193253 0.02 0.162419
0.214053 0.02 0.162562
0.235144 0.02 0.161912
0.256309 0.02 0.160977
0.277921 0.02 0.160551
0.300065 0.02 0.159628
0.322916 0.02 0.15865
0.346631 0.02 0.156861
0.371093 0.02 0.154551
0.396675 0.02 0.152033
0.42365 0.02 0.14904
0.452223 0.02 0.145538
0.482161 0.02 0.141444
0.5164 0.02 0.136166
0.550944 0.02 0.130538
0.598997 0.02 0.118623
0.0211788 0.02 0.145815
0.0486906 0.02 0.150934
0.0684368 0.02 0.150042
0.0902616 0.02 0.151159
0.110512 0.02 0.149842
0.131 0.02 0.150197
0.151689 0.02 0.147842
0.172268 0.02 0.147117
0.193083 0.02 0.147575
0.214161 0.02 0.147636
0.235361 0.02 0.147021
0.256604 0.02 0.146201
0.278293 0.02 0.145962
0.300593 0.02 0.14508
0.323312 0.02 0.144263
0.34723 0.02 0.142939
0.371528 0.02 0.141504
0.397397 0.02 0.139973
0.424331 0.02 0.137682
0.453123 0.02 0.134837
0.482584 0.02 0.131858
0.516416 0.02 0.128176
0.549828 0.02 0.12428
0.594284 0.02 0.116361
0.0234236 0.02 0.1392
0.0478271 0.02 0.140897
0.0687519 0.02 0.139037
0.0899703 0.02 0.139315
0.110201 0.02 0.138642
0.131084 0.02 0.139103
0.151744 0.02 0.138663
0.172555 0.02 0.138125
0.193129 0.02 0.137721
0.214264 0.02 0.137186
0.235402 0.02 0.137197
0.256852 0.02 0.137146
0.278566 0.02 0.1364
0.30102 0.02 0.135659
0.323574 0.02 0.134695
0.347523 0.02 0.134048
0.371699 0.02 0.133204
0.397887 0.02 0.132011
0.424714 0.02 0.129894
0.453402 0.02 0.126992
0.482731 0.02 0.124399
0.515441 0.02 0.120452
0.547733 0.02 0.116832
0.587375 0.02 0.111632
0.025848 0.02 0.132166
0.0484622 0.02 0.130532
0.069037 0.02 0.128898
0.0899471 0.02 0.127156
0.110122 0.02 0.126958
0.130468 0.02 0.12643
0.151421 0.02 0.126707
0.172784 0.02 0.126023
0.193551 0.02 0.125724
0.214331 0.02 0.12478
0.235284 0.02 0.1251
0.25716 0.02 0.125638
0.278983 0.02 0.125057
0.301346 0.02 0.124519
0.323876 0.02 0.123841
0.347559 0.02 0.123345
0.372031 0.02 0.122624
0.39824 0.02 0.121458
0.425041 0.02 0.119593
0.453282 0.02 0.117183
0.482752 0.02 0.115006
0.514408 0.02 0.11119
0.545978 0.02 0.107949
0.581308 0.02 0.105333
0.0271127 0.02 0.126361
0.0486965 0.02 0.125294
0.0689966 0.02 0.12323
0.090103 0.02 0.121329
0.11014 0.02 0.120374
0.130661 0.02 0.118986
0.151511 0.02 0.119379
0.172763 0.02 0.118186
0.193499 0.02 0.117329
0.21437 0.02 0.117614
0.235356 0.02 0.117326
0.257188 0.02 0.117592
0.279205 0.02 0.117534
0.301459 0.02 0.117996
0.324052 0.02 0.117652
0.347648 0.02 0.116916
0.37229 0.02 0.11646
0.398209 0.02 0.115526
0.424985 0.02 0.114086
0.452944 0.02 0.112061
0.482061 0.02 0.110125
0.512718 0.02 0.10773
0.544019 0.02 0.105382
0.57668 0.02 0.102975
0.0202661 0.02 0.173567
0.036709 0.02 0.177144
0.057994 0.02 0.181558
0.079483 0.02 0.183518
0.100292 0.02 0.184035
0.121223 0.02 0.18404
0.142458 0.02 0.182244
0.162513 0.02 0.180293
0.182836 0.02 0.179631
0.203656 0.02 0.17952
0.224495 0.02 0.179123
0.24553 0.02 0.178463
0.266896 0.02 0.177717
0.288697 0.02 0.176873
0.311025 0.02 0.175811
0.334142 0.02 0.174364
0.358027 0.02 0.17238
0.382929 0.02 0.169997
0.409095 0.02 0.16708
0.436429 0.02 0.163695
0.466107 0.02 0.159135
0.496286 0.02 0.154296
0.533273 0.02 0.146659
0.567767 0.02 0.139485
0.609152 0.02 0.130489
0.0202666 0.02 0.175319
0.036076 0.02 0.179653
0.058011 0.02 0.184803
0.0793835 0.02 0.186772
0.100352 0.02 0.187345
0.121245 0.02 0.18736
0.14294 0.02 0.1854
0.163055 0.02 0.182949
0.182955 0.02 0.181792
0.203689 0.02 0.181634
0.224497 0.02 0.181213
0.245512 0.02 0.180553
0.266873 0.02 0.1798
0.288659 0.02 0.17894
0.310988 0.02 0.177868
0.334085 0.02 0.176414
0.357958 0.02 0.174432
0.382845 0.02 0.172049
0.40898 0.02 0.169144
0.436304 0.02 0.165769
0.465886 0.02 0.161247
0.496101 0.02 0.156366
0.532886 0.02 0.148741
0.568532 0.02 0.140861
0.609934 0.02 0.131147
0.0202873 0.02 0.176829
0.0346851 0.02 0.181814
0.0578074 0.02 0.189191
0.0793377 0.02 0.191218
0.100326 0.02 0.191769
0.121094 0.02 0.19199
0.142825 0.02 0.190746
