0.0199919 0.02 0.109937
0.0461321 0.02 0.109612
0.057873 0.02 0.124786
0.083182 0.02 0.123832
0.0984949 0.02 0.122252
0.121154 0.02 0.123359
0.13636 0.02 0.116222
0.156989 0.02 0.112577
0.178943 0.02 0.114132
0.203374 0.02 0.123976
0.224519 0.02 0.12275
0.240881 0.02 0.11564
0.263618 0.02 0.117459
0.286612 0.02 0.119967
0.310504 0.02 0.120859
0.334157 0.02 0.121699
0.35354 0.02 0.111366
0.377795 0.02 0.111242
0.405121 0.02 0.109679
0.433311 0.02 0.108029
0.469103 0.02 0.100895
0.4925 0.02 0.104113
0.5361 0.02 0.108854
0.564166 0.02 0.0883948
0.607012 0.02 0.0916606
0.0199915 0.02 0.0886207
0.0334106 0.02 0.118622
0.0619717 0.02 0.10949
0.0790879 0.02 0.107511
0.102945 0.02 0.108986
0.121644 0.02 0.105918
0.145514 0.02 0.112126
0.167079 0.02 0.112643
0.188174 0.02 0.114864
0.205601 0.02 0.105436
0.224967 0.02 0.10815
0.250389 0.02 0.111417
0.273429 0.02 0.110973
0.293769 0.02 0.107413
0.315039 0.02 0.107138
0.335276 0.02 0.105936
0.363258 0.02 0.112526
0.390304 0.02 0.10949
0.41746 0.02 0.108934
0.446323 0.02 0.10668
0.467981 0.02 0.115317
0.506341 0.02 0.101047
0.537543 0.02 0.0858465
0.576995 0.02 0.104839
0.607539 0.02 0.0917185
0.0199987 0.02 0.100757
0.0437568 0.02 0.0812195
0.0654262 0.02 0.0854016
0.0805469 0.02 0.0859562
0.100712 0.02 0.0914721
0.119728 0.02 0.0836029
0.143095 0.02 0.0911884
0.164682 0.02 0.0870953
0.184819 0.02 0.0924414
0.203855 0.02 0.0828322
0.225428 0.02 0.0900827
0.245566 0.02 0.0910269
0.266293 0.02 0.0928115
0.288704 0.02 0.0866252
0.311256 0.02 0.0907534
0.335426 0.02 0.0851271
0.359559 0.02 0.0924936
0.385458 0.02 0.0892134
0.411914 0.02 0.0905627
0.439871 0.02 0.0888591
0.46643 0.02 0.0847134
0.499931 0.02 0.0874204
0.52767 0.02 0.0874501
0.573333 0.02 0.0821709
0.608473 0.02 0.0915934
0.0199946 0.02 0.0845315
0.0436524 0.02 0.08312
0.0580698 0.02 0.0770994
0.0817735 0.02 0.0788174
0.0993807 0.02 0.0742054
0.121557 0.02 0.076647
0.138696 0.02 0.0750763
0.161808 0.02 0.0779615
0.181698 0.02 0.0727484
0.204145 0.02 0.0770164
0.224502 0.02 0.074126
0.246198 0.02 0.0766329
0.269041 0.02 0.0761035
0.289543 0.02 0.0798707
0.313066 0.02 0.0770332
0.335628 0.02 0.0799372
0.360233 0.02 0.0783346
0.385669 0.02 0.0835474
0.41144 0.02 0.0821525
0.439692 0.02 0.0829296
0.467156 0.02 0.0802338
0.499193 0.02 0.0820955
0.533412 0.02 0.0800818
0.571156 0.02 0.079102
0.606517 0.02 0.0906176
0.02 0.0199802 0.0842244
0.0369355 0.02 0.0817254
0.0577406 0.02 0.0794774
0.0799826 0.02 0.0798113
0.100216 0.02 0.0757993
0.121257 0.02 0.0780613
0.140333 0.02 0.0764468
0.162278 0.02 0.0788439
0.182198 0.02 0.0757941
0.203967 0.02 0.0780886
0.224644 0.02 0.075624
0.246286 0.02 0.0790887
0.268843 0.02 0.0778354
0.289711 0.02 0.0808455
0.313276 0.02 0.0783979
0.335749 0.02 0.0815548
0.359893 0.02 0.0808257
0.385459 0.02 0.0838267
0.411192 0.02 0.0826223
0.439358 0.02 0.0835537
0.46667 0.02 0.0817456
0.497439 0.02 0.0816029
0.532368 0.02 0.0806397
0.566257 0.02 0.0802687
0.602702 0.02 0.089295
0.0199947 0.02 0.106157
0.0382055 0.0217886 0.0930177
0.0588074 0.02 0.0912911
0.0801769 0.02 0.0924481
0.100342 0.02 0.0899341
0.121061 0.02 0.0890514
0.141236 0.02 0.0889022
0.161776 0.02 0.0880564
0.18248 0.02 0.0881362
0.20353 0.02 0.0877282
0.225131 0.02 0.0872123
0.246268 0.02 0.0890021
0.267999 0.02 0.0890147
0.290093 0.02 0.0887481
0.312928 0.02 0.0893458
0.335937 0.02 0.0896145
0.359667 0.02 0.0906398
0.384872 0.02 0.0897275
0.411039 0.02 0.0896346
0.439023 0.02 0.088467
0.466097 0.02 0.0882018
0.495906 0.02 0.0875898
0.528764 0.02 0.0853224
0.560786 0.02 0.0860348
0.597294 0.02 0.0882396
0.0199983 0.02 0.0974484
0.0380439 0.02 0.104865
0.0590984 0.02 0.101381
0.079818 0.02 0.0992787
0.100335 0.02 0.0964683
0.120751 0.02 0.09679
0.141386 0.02 0.0944492
0.162217 0.02 0.0949023
0.182542 0.02 0.0930941
0.203578 0.02 0.0947569
0.224992 0.02 0.0941495
0.246077 0.02 0.0937689
0.267691 0.02 0.0942404
0.289663 0.02 0.0957291
0.312635 0.02 0.0949296
0.335518 0.02 0.0949707
0.359448 0.02 0.0942678
0.384343 0.02 0.0948642
0.410533 0.02 0.094035
0.438094 0.02 0.0928778
0.465323 0.02 0.0905723
0.494759 0.02 0.0897677
0.526287 0.02 0.0890859
0.558286 0.02 0.0869639
0.591402 0.02 0.087186
0.0284613 0.02 0.148622
0.0491145 0.02 0.150972
0.0693421 0.02 0.151355
0.0903265 0.02 0.152052
0.110749 0.02 0.151389
0.1322 0.02 0.151543
0.151983 0.02 0.150544
0.17238 0.02 0.150288
0.192983 0.02 0.150269
0.213892 0.02 0.150633
0.234792 0.02 0.149953
0.256029 0.02 0.1493
0.277611 0.02 0.148747
0.299683 0.02 0.147843
0.32224 0.02 0.14686
0.345774 0.02 0.145534
0.370002 0.02 0.143894
0.395649 0.02 0.142027
0.422451 0.02 0.139294
0.451211 0.02 0.135716
0.480675 0.02 0.132029
0.514776 0.02 0.126657
0.548745 0.02 0.121561
0.590954 0.02 0.113378
0.0200574 0.02 0.151292
0.0479386 0.02 0.160495
0.0687115 0.02 0.161692
0.0901695 0.02 0.162111
0.110781 0.02 0.16193
0.131674 0.02 0.162186
0.153494 0.02 0.166221
0.173131 0.02 0.165285
0.193171 0.02 0.165558
0.213814 0.02 0.165325
0.234685 0.02 0.164833
0.255808 0.02 0.164064
0.277304 0.02 0.16339
0.299293 0.02 0.162487
0.321931 0.02 0.161379
0.345387 0.02 0.159633
0.369616 0.02 0.15741
0.394998 0.02 0.15491
0.421583 0.02 0.151831
0.449988 0.02 0.148343
0.479484 0.02 0.143851
0.513688 0.02 0.138508
0.548256 0.02 0.13246
0.59871 0.02 0.118835
0.0200915 0.02 0.150775
0.0462601 0.02 0.156375
0.0688801 0.02 0.160011
0.089866 0.02 0.159636
0.11074 0.02 0.159907
0.131705 0.02 0.158954
0.152133 0.02 0.158022
0.172632 0.02 0.158247
0.193031 0.02 0.158722
0.213769 0.02 0.158889
0.234786 0.02 0.158264
0.255864 0.02 0.157355
0.277374 0.02 0.156954
0.299398 0.02 0.156059
0.322109 0.02 0.155113
0.345665 0.02 0.15336
0.369951 0.02 0.151089
0.395343 0.02 0.148614
0.422116 0.02 0.145667
0.450464 0.02 0.142217
0.480195 0.02 0.138171
0.514078 0.02 0.132977
0.54838 0.02 0.127407
0.596022 0.02 0.115593
0.0211606 0.02 0.142018
0.0486602 0.02 0.147137
0.0683926 0.02 0.14626
0.0902025 0.02 0.14739
0.110435 0.02 0.146093
0.1309 0.02 0.146463
0.151556 0.02 0.144135
0.172092 0.02 0.143435
0.192856 0.02 0.143914
0.213871 0.02 0.143997
0.234996 0.02 0.143403
0.256152 0.02 0.142606
0.277738 0.02 0.14239
0.299915 0.02 0.141534
0.322494 0.02 0.140745
0.346249 0.02 0.139455
0.370373 0.02 0.138056
0.396047 0.02 0.136565
0.422778 0.02 0.134319
0.451337 0.02 0.131526
0.480596 0.02 0.128593
0.514074 0.02 0.124993
0.547259 0.02 0.121151
0.59132 0.02 0.113329
0.0234033 0.02 0.135431
0.047791 0.02 0.137134
0.0686986 0.02 0.135296
0.0899024 0.02 0.13559
0.110117 0.02 0.134935
0.130977 0.02 0.135411
0.151606 0.02 0.134992
0.172374 0.02 0.134476
0.192898 0.02 0.134092
0.21397 0.02 0.133577
0.235033 0.02 0.133606
0.256395 0.02 0.133574
0.278006 0.02 0.132848
0.300336 0.02 0.132129
0.32275 0.02 0.131192
0.346536 0.02 0.130575
0.370538 0.02 0.129764
0.396527 0.02 0.128612
0.42315 0.02 0.126538
0.451606 0.02 0.123687
0.480728 0.02 0.12114
0.513103 0.02 0.11727
0.545154 0.02 0.113706
0.584439 0.02 0.108593
0.0258254 0.02 0.128428
0.048418 0.02 0.126807
0.0689726 0.02 0.1252
0.0898685 0.02 0.123483
0.110029 0.02 0.1233
0.130353 0.02 0.122788
0.151276 0.02 0.123078
0.172597 0.02 0.122413
0.193314 0.02 0.122131
0.214032 0.02 0.121203
0.234912 0.02 0.121539
0.256697 0.02 0.122092
0.278417 0.02 0.121527
0.300655 0.02 0.121009
0.323046 0.02 0.120354
0.346565 0.02 0.119886
0.370864 0.02 0.119197
0.396871 0.02 0.118069
0.423466 0.02 0.116246
0.451481 0.02 0.113883
0.480726 0.02 0.111755
0.51208 0.02 0.108008
0.543394 0.02 0.104825
0.578402 0.02 0.102287
0.0270891 0.02 0.122647
0.0486471 0.02 0.12159
0.0689261 0.02 0.119555
0.090019 0.02 0.117681
0.110043 0.02 0.116741
0.130542 0.02 0.115372
0.151362 0.02 0.115777
0.172573 0.02 0.114602
0.193259 0.02 0.113759
0.214069 0.02 0.114056
0.234981 0.02 0.113783
0.256724 0.02 0.114062
0.278636 0.02 0.114018
0.300766 0.02 0.114497
0.323219 0.02 0.114174
0.346651 0.02 0.113465
0.371116 0.02 0.11304
0.396839 0.02 0.112142
0.423406 0.02 0.110743
0.451141 0.02 0.108763
0.48003 0.02 0.106876
0.510401 0.02 0.104546
0.541445 0.02 0.102257
0.57381 0.02 0.0999202
0.0202537 0.02 0.169711
0.0366929 0.02 0.173287
0.0579696 0.02 0.177698
0.0794471 0.02 0.179661
0.10024 0.02 0.18019
0.12115 0.02 0.180212
0.142357 0.02 0.178443
0.162374 0.02 0.176525
0.182646 0.02 0.175897
0.203409 0.02 0.175816
0.22418 0.02 0.175445
0.245136 0.02 0.174811
0.266408 0.02 0.174092
0.288099 0.02 0.173276
0.310297 0.02 0.172246
0.333266 0.02 0.170834
0.356984 0.02 0.168888
0.381704 0.02 0.166548
0.407675 0.02 0.163676
0.434805 0.02 0.160339
0.464256 0.02 0.155833
0.494224 0.02 0.151044
0.530834 0.02 0.143498
0.565144 0.02 0.136368
0.606146 0.02 0.127467
0.0202545 0.02 0.171461
0.0360604 0.02 0.175793
0.0579872 0.02 0.180938
0.0793483 0.02 0.182911
0.1003 0.02 0.183495
0.121172 0.02 0.183528
0.14284 0.02 0.181595
0.162916 0.02 0.179178
0.182766 0.02 0.178056
0.203442 0.02 0.177927
0.224183 0.02 0.177533
0.245119 0.02 0.176899
0.266386 0.02 0.176173
0.288061 0.02 0.175342
0.310262 0.02 0.174301
0.33321 0.02 0.172882
0.356917 0.02 0.170939
0.381623 0.02 0.168598
0.407562 0.02 0.165739
0.434684 0.02 0.162412
0.464039 0.02 0.157944
0.494047 0.02 0.153112
0.530452 0.02 0.145579
0.565909 0.02 0.137743
0.606927 0.02 0.128125
0.0202754 0.02 0.17297
0.0346702 0.02 0.177951
0.0577843 0.02 0.185321
0.0793034 0.02 0.187353
0.100276 0.02 0.187915
0.121023 0.02 0.188154
0.142728 0.02 0.186934
