0.0199624 0.02 0.0330898
0.0467072 0.02 0.0376466
0.0582044 0.02 0.0468878
0.083234 0.02 0.0467185
0.0985451 0.02 0.0458873
0.12123 0.02 0.0467763
0.136065 0.02 0.0430318
0.15624 0.02 0.0412261
0.176385 0.02 0.0414105
0.200042 0.02 0.0482486
0.220285 0.02 0.0474666
0.236303 0.02 0.0434478
0.256804 0.02 0.0443449
0.278226 0.02 0.046546
0.299593 0.02 0.0466241
0.320454 0.02 0.0478357
0.337336 0.02 0.0413323
0.357191 0.02 0.0423957
0.37897 0.02 0.0416596
0.400631 0.02 0.0410615
0.42821 0.02 0.0366491
0.4475 0.02 0.0409208
0.479359 0.02 0.0467843
0.500152 0.02 0.0296674
0.537296 0.02 0.033238
0.0199632 0.02 0.032812
0.0341089 0.02 0.042786
0.0620803 0.02 0.0375201
0.0798343 0.02 0.035271
0.102154 0.02 0.0365739
0.121517 0.02 0.0364494
0.144491 0.02 0.0398779
0.164201 0.02 0.041642
0.18508 0.02 0.0421023
0.201641 0.02 0.0372677
0.220955 0.02 0.0385626
0.244542 0.02 0.0409625
0.264708 0.02 0.0402113
0.284154 0.02 0.0387799
0.3024 0.02 0.037843
0.32117 0.02 0.0384266
0.344807 0.02 0.0421237
0.366237 0.02 0.0416987
0.38778 0.02 0.0423238
0.409859 0.02 0.0419767
0.428219 0.02 0.0467132
0.454948 0.02 0.0370915
0.478324 0.02 0.0277229
0.510671 0.02 0.0454325
0.537786 0.02 0.0332959
0.0199629 0.02 0.0329268
0.0449277 0.02 0.0255649
0.0644929 0.02 0.0281629
0.0807121 0.02 0.0296083
0.10055 0.02 0.0286342
0.118886 0.02 0.028217
0.141029 0.02 0.0288016
0.161867 0.02 0.0286374
0.181098 0.02 0.0298898
0.199874 0.02 0.0275391
0.220713 0.02 0.0279992
0.240177 0.02 0.0293156
0.259723 0.02 0.0292093
0.279416 0.02 0.0284848
0.300113 0.02 0.0289656
0.320836 0.02 0.0274952
0.341439 0.02 0.0301627
0.361884 0.02 0.0295166
0.383329 0.02 0.029438
0.405045 0.02 0.0299816
0.426979 0.02 0.028474
0.452634 0.02 0.0304696
0.473385 0.02 0.0281126
0.506657 0.02 0.0249256
0.538652 0.02 0.0331832
0.02 0.0199561 0.0293394
0.0446113 0.0231864 0.0268392
0.0607853 0.0211783 0.0240221
0.082357 0.0221373 0.0251021
0.100021 0.0207878 0.0249392
0.12081 0.0211465 0.0239442
0.139634 0.02 0.0252005
0.160296 0.0203239 0.0251618
0.180045 0.02 0.0240157
0.200327 0.0207236 0.0240007
0.220757 0.0203017 0.0240565
0.240293 0.02 0.0251768
0.260092 0.020042 0.0250118
0.28013 0.020549 0.0242999
0.300552 0.0205123 0.0243564
0.321005 0.0207576 0.0238083
0.341534 0.02 0.0252256
0.361966 0.02 0.025126
0.38328 0.02 0.0250244
0.40498 0.02 0.0249292
0.427346 0.02 0.0241304
0.451833 0.02 0.0254014
0.475764 0.02 0.0236302
0.505028 0.02 0.0223619
0.536819 0.02 0.0322325
0.02 0.0291651 0.0287675
0.0381234 0.0317409 0.0258159
0.0601178 0.0309731 0.0247299
0.0803148 0.0322225 0.0249389
0.100361 0.0305254 0.0243668
0.12036 0.0306325 0.024232
0.140189 0.0292684 0.0245624
0.160257 0.0293509 0.0244376
0.180297 0.0293987 0.0239563
0.200427 0.029902 0.0242229
0.220558 0.0294045 0.0243528
0.24032 0.0290017 0.0244982
0.260321 0.0290916 0.0246158
0.280357 0.0295892 0.0245666
0.300623 0.0296089 0.0244931
0.320896 0.0297557 0.0245121
0.341369 0.0288881 0.0247531
0.361973 0.0285549 0.0250374
0.383145 0.0283916 0.0251652
0.40467 0.0281367 0.0251969
0.426938 0.0283079 0.0247839
0.450584 0.027121 0.0244249
0.475104 0.0256431 0.0241765
0.501345 0.0265058 0.0235923
0.533309 0.0236739 0.0309629
0.02 0.0359382 0.0354834
0.0387759 0.0398961 0.0319603
0.0594212 0.0395614 0.0306501
0.0801732 0.0403246 0.0311392
0.100135 0.0394532 0.0296973
0.120155 0.0392885 0.0297718
0.140106 0.0385326 0.0293288
0.160234 0.038445 0.0291505
0.180371 0.038301 0.0289558
0.200372 0.038486 0.0292048
0.220345 0.0382581 0.0290114
0.240287 0.0381597 0.0291378
0.26039 0.0381425 0.0292137
0.28043 0.0382612 0.0293222
0.300635 0.0382911 0.029268
0.320831 0.0381738 0.0293948
0.341237 0.037762 0.029321
0.361946 0.0372677 0.0293961
0.383007 0.0368816 0.0293686
0.404486 0.0363418 0.0292667
0.42649 0.0360692 0.0293809
0.449511 0.0352835 0.028983
0.47335 0.0340152 0.0280231
0.498236 0.0336479 0.0284306
0.52842 0.0295953 0.0299899
0.02 0.0405168 0.0334285
0.0388543 0.044687 0.0340031
0.0593104 0.0452587 0.0327427
0.0799282 0.0456984 0.0317497
0.100019 0.0453378 0.0314513
0.120099 0.0451097 0.0311116
0.140084 0.0445645 0.0311403
0.160211 0.0444241 0.0312597
0.180272 0.0442197 0.0311216
0.200292 0.0442054 0.0310172
0.220238 0.0441 0.0310722
0.240246 0.0441046 0.0312459
0.260347 0.0440275 0.0312938
0.280398 0.043981 0.0312082
0.300572 0.0439862 0.0311992
0.320767 0.0437544 0.031161
0.341131 0.043506 0.0313507
0.361817 0.0429533 0.0313261
0.38275 0.0424622 0.0312281
0.404102 0.0417854 0.0310313
0.425894 0.0412355 0.0308149
0.448647 0.0404151 0.0304638
0.471905 0.0392881 0.0296455
0.496242 0.0383136 0.0287107
0.523074 0.0361134 0.0290473
0.0251459 0.02 0.0641569
0.0490233 0.02 0.0655539
0.0693904 0.02 0.06564
0.0901585 0.02 0.0662024
0.110294 0.02 0.0659978
0.131298 0.02 0.0663667
0.150648 0.02 0.0662157
0.170575 0.02 0.066518
0.190547 0.02 0.0666775
0.210628 0.02 0.0672737
0.2305 0.02 0.0672113
0.250475 0.02 0.0671628
0.270443 0.02 0.0671131
0.290518 0.02 0.0669708
0.31061 0.02 0.0669322
0.331014 0.02 0.0668196
0.351443 0.02 0.0666552
0.372331 0.02 0.0663437
0.393636 0.02 0.0656474
0.415767 0.02 0.0645854
0.438587 0.02 0.0631264
0.463579 0.02 0.0608016
0.490351 0.02 0.0587061
0.522338 0.02 0.0539413
0.0199882 0.02 0.0654619
0.0477639 0.02 0.0730315
0.0687262 0.02 0.0738701
0.0899817 0.02 0.0742127
0.110298 0.02 0.0743563
0.130791 0.02 0.0749501
0.152236 0.02 0.0792955
0.171377 0.02 0.0790547
0.190818 0.02 0.0797404
0.210695 0.02 0.0798979
0.230592 0.02 0.079912
0.250467 0.02 0.0797283
0.270404 0.02 0.0797007
0.290451 0.02 0.0795969
0.310643 0.02 0.0795058
0.330998 0.02 0.0790899
0.351453 0.02 0.0785102
0.37223 0.02 0.0778871
0.393443 0.02 0.0769552
0.415488 0.02 0.0759558
0.438271 0.02 0.0740103
0.463643 0.02 0.0719158
0.490617 0.02 0.0688212
0.529384 0.02 0.0593067
0.0217053 0.0229307 0.0650978
0.0461511 0.0250234 0.0696086
0.0689006 0.0242847 0.0723916
0.089688 0.024338 0.0720649
0.110256 0.0240112 0.0726303
0.130806 0.0238045 0.0721867
0.150835 0.0241766 0.072185
0.17088 0.0244955 0.0729184
0.19065 0.0245097 0.0737154
0.210604 0.024555 0.0742207
0.230615 0.0245471 0.0741214
0.250445 0.0247275 0.0738101
0.270388 0.0246381 0.0740097
0.290449 0.0246298 0.0739207
0.310689 0.0245703 0.0739683
0.331118 0.0244441 0.0734758
0.351577 0.024213 0.0728534
0.372329 0.0240187 0.0722125
0.393647 0.0235949 0.0714018
0.415548 0.0228991 0.0704435
0.438576 0.0221505 0.0688395
0.463571 0.0205927 0.0667734
0.490504 0.02 0.0640663
0.526913 0.0205761 0.0561729
0.0230641 0.0272761 0.0605378
0.0487751 0.0292754 0.0627688
0.0684608 0.0303797 0.0623944
0.0901031 0.0302701 0.0628386
0.110003 0.0300949 0.0624344
0.130077 0.0300021 0.0625739
0.150202 0.0291935 0.0616218
0.170211 0.0287992 0.0613961
0.19038 0.0289071 0.0618432
0.210483 0.0291459 0.0621073
0.230553 0.0289541 0.062218
0.250422 0.0288445 0.0620611
0.270376 0.0289882 0.0621762
0.290496 0.0289166 0.0620375
0.31066 0.0289943 0.0621125
0.33116 0.0287733 0.0619854
0.35156 0.0285182 0.061928
0.372362 0.0283373 0.0617579
0.393629 0.0279425 0.0614005
0.415593 0.0275773 0.0609686
0.438281 0.0270352 0.0600502
0.462934 0.0262752 0.0592576
0.489153 0.0255759 0.0582937
0.522668 0.0264663 0.0539391
0.0244967 0.0316756 0.0557945
0.048568 0.0337576 0.0562779
0.0689599 0.0350651 0.0554891
0.0899771 0.0349701 0.0553222
0.109905 0.0349581 0.0552024
0.130206 0.0349098 0.0552034
0.150363 0.0343122 0.0553864
0.170263 0.0342334 0.0551494
0.190341 0.0342586 0.0550902
0.210355 0.0343917 0.0550742
0.230451 0.0342637 0.0553986
0.250381 0.03401 0.0556678
0.270356 0.0341565 0.0554742
0.290501 0.0340658 0.0554262
0.310639 0.0341122 0.0552921
0.331098 0.0338088 0.0554544
0.3515 0.0335024 0.0556278
0.372329 0.0332105 0.0555899
0.393525 0.0328516 0.055295
0.415414 0.0324551 0.0546664
0.437863 0.0319869 0.0538528
0.461757 0.0315038 0.0525589
0.486955 0.0310003 0.0517637
0.516732 0.0316773 0.0493683
0.0266894 0.0372943 0.0505212
0.0489119 0.0390514 0.0496956
0.0694089 0.0406201 0.0489786
0.0899274 0.0406491 0.0484491
0.109961 0.040618 0.0482203
0.130094 0.0404395 0.0480273
0.150172 0.0399983 0.0482821
0.170229 0.0398062 0.0481005
0.190275 0.0398155 0.0480552
0.210296 0.0398945 0.0481726
0.23032 0.0397787 0.048287
0.250339 0.0396149 0.0485151
0.270357 0.0396806 0.0484709
0.29048 0.0396486 0.0484603
0.310642 0.039618 0.0483866
0.33099 0.0393534 0.0484531
0.35145 0.0390253 0.0484501
0.372238 0.0387072 0.0483726
0.393403 0.0383019 0.0480068
0.415121 0.0378396 0.0475128
0.437433 0.0373333 0.0468249
0.460832 0.0364463 0.0450632
0.484907 0.0355833 0.0438567
0.511549 0.0356973 0.0432758
0.027919 0.0440952 0.0464254
0.0490516 0.0457957 0.0460741
0.0695134 0.0468786 0.0452801
0.0899305 0.0471649 0.0447661
0.110038 0.0469843 0.044535
0.130097 0.0467618 0.0444115
0.150165 0.0463637 0.0445179
0.170209 0.0461648 0.0444101
0.190244 0.0461282 0.0443165
0.210265 0.04613 0.0443524
0.230242 0.0460818 0.0444637
0.250311 0.0459864 0.044627
0.270365 0.0459698 0.0445731
0.290437 0.0459398 0.0445529
0.310646 0.0458512 0.044505
0.330869 0.0456062 0.0445626
0.351385 0.0452688 0.0445964
0.372082 0.0448301 0.0445066
0.393171 0.0443264 0.0442725
0.414692 0.0437601 0.0439349
0.436835 0.043142 0.0434395
0.459754 0.0420923 0.042534
0.483244 0.0410761 0.0414831
0.507772 0.040863 0.0408138
0.0199972 0.02 0.0809885
0.0365175 0.02 0.0845218
0.0579646 0.02 0.0884892
0.0793643 0.02 0.0899915
0.0999282 0.02 0.0904627
0.120523 0.02 0.0907717
0.141376 0.02 0.0897715
0.160989 0.02 0.0888169
0.180671 0.02 0.0889575
0.200763 0.02 0.0893469
0.220692 0.02 0.0894253
0.240576 0.02 0.08932
0.260469 0.02 0.0892068
0.280451 0.02 0.0891223
0.300509 0.02 0.0890048
0.320753 0.02 0.0887681
0.341078 0.02 0.0883299
0.361633 0.02 0.0877724
0.382589 0.02 0.0869752
0.403951 0.02 0.0859919
0.426601 0.02 0.0841944
0.449684 0.02 0.0820545
0.476791 0.02 0.0782166
0.504366 0.02 0.0736002
0.53588 0.02 0.067631
0.0199787 0.02 0.0826748
0.0359164 0.02 0.0868855
0.0579786 0.02 0.0915152
0.0792653 0.02 0.0930145
0.0999883 0.02 0.0935113
0.120552 0.02 0.0938125
0.14187 0.02 0.0926567
0.161534 0.02 0.0912475
0.180802 0.02 0.0909487
0.200808 0.02 0.0913044
0.220711 0.02 0.0913632
0.240579 0.02 0.0912534
0.260473 0.02 0.0911362
0.280446 0.02 0.0910425
0.300506 0.02 0.0909208
0.320736 0.02 0.0906812
0.341057 0.02 0.0902523
0.361607 0.02 0.0897048
0.382547 0.02 0.0889222
0.403921 0.02 0.0879415
0.426507 0.02 0.0861726
0.449692 0.02 0.0839864
0.476625 0.02 0.0801457
0.505081 0.02 0.0749391
0.53657 0.02 0.0682674
0.02 0.0199736 0.0841322
0.0345547 0.0209594 0.0889485
0.0577792 0.0214067 0.0955703
0.0792191 0.0217198 0.0971577
0.0999653 0.0217945 0.0976205
0.120413 0.0215777 0.0981039
0.141789 0.0211599 0.0975586
