0.0199855 0.02 0.0663396
0.0456882 0.02 0.0655962
0.0579111 0.02 0.0791055
0.0830752 0.02 0.0787116
0.098322 0.02 0.0776308
0.121032 0.02 0.0787212
0.135674 0.02 0.0731173
0.155854 0.02 0.0701541
0.177016 0.02 0.071622
0.200667 0.02 0.0801877
0.221262 0.02 0.0794318
0.237099 0.02 0.0732932
0.258444 0.02 0.0749797
0.280123 0.02 0.077422
0.302488 0.02 0.0784662
0.324367 0.02 0.079428
0.341836 0.02 0.0703541
0.363692 0.02 0.0704273
0.388036 0.02 0.0694599
0.413046 0.02 0.0683444
0.444675 0.02 0.0622674
0.465291 0.02 0.0659235
0.503865 0.02 0.0715684
0.528197 0.02 0.0521689
0.568232 0.02 0.0559153
0.02 0.0199728 0.0490176
0.0336896 0.02 0.0733819
0.0617192 0.02 0.0660279
0.0788058 0.02 0.0642973
0.102616 0.02 0.0662402
0.121175 0.02 0.0638373
0.144249 0.02 0.0698543
0.165505 0.02 0.070457
0.186094 0.02 0.0724903
0.202801 0.02 0.0641618
0.221574 0.02 0.0666952
0.24589 0.02 0.0699043
0.267694 0.02 0.0694539
0.28666 0.02 0.0661635
0.306454 0.02 0.0661254
0.325125 0.02 0.0650511
0.350501 0.02 0.071479
0.374746 0.02 0.0689752
0.398923 0.02 0.0689826
0.424353 0.02 0.0673433
0.443882 0.02 0.0761031
0.477285 0.02 0.0632868
0.504544 0.02 0.0490378
0.539742 0.02 0.068753
0.568743 0.02 0.0559761
0.0199884 0.02 0.0588219
0.0433278 0.02 0.0440479
0.06496 0.02 0.0472881
0.0799809 0.02 0.0481937
0.100189 0.02 0.0517246
0.119056 0.02 0.0462853
0.141931 0.02 0.0520028
0.162595 0.02 0.0487532
0.182847 0.02 0.0531776
0.20119 0.02 0.0454304
0.221741 0.02 0.0508455
0.241219 0.02 0.0517086
0.260912 0.02 0.0532051
0.282045 0.02 0.0478214
0.302705 0.02 0.0511472
0.325066 0.02 0.0462402
0.347012 0.02 0.0528641
0.370302 0.02 0.0500193
0.393915 0.02 0.0514104
0.418528 0.02 0.0502536
0.442223 0.02 0.0464101
0.471664 0.02 0.0497183
0.496056 0.02 0.0503574
0.536364 0.02 0.0461697
0.569648 0.02 0.0558572
0.02 0.0199744 0.0454027
0.0431281 0.02 0.0456985
0.0576185 0.02 0.0401998
0.0812014 0.02 0.0419702
0.0989211 0.02 0.0373733
0.120585 0.02 0.0401725
0.13731 0.02 0.03798
0.160258 0.02 0.0411211
0.179717 0.02 0.0356525
0.201464 0.02 0.0402333
0.220843 0.02 0.0369262
0.241709 0.02 0.0390049
0.263593 0.02 0.038156
0.282728 0.02 0.0418721
0.304384 0.02 0.0385491
0.325222 0.02 0.0413737
0.347634 0.02 0.0393751
0.37049 0.02 0.0446783
0.39347 0.02 0.0432604
0.418337 0.02 0.0445016
0.442855 0.02 0.0420271
0.470999 0.02 0.0444327
0.500873 0.02 0.0432312
0.53437 0.02 0.0430884
0.567746 0.02 0.0548725
0.0199881 0.02 0.0451266
0.0373037 0.02 0.0444234
0.057255 0.02 0.0424008
0.0794979 0.02 0.0429053
0.0997743 0.02 0.0388937
0.120306 0.02 0.0415063
0.139005 0.02 0.0392312
0.160679 0.02 0.041938
0.180217 0.02 0.0385688
0.201301 0.02 0.0412386
0.220974 0.02 0.0383649
0.241793 0.02 0.0413362
0.263397 0.02 0.039827
0.282878 0.02 0.0427751
0.304579 0.02 0.0398567
0.325331 0.02 0.0429157
0.347314 0.02 0.0417508
0.370306 0.02 0.0449463
0.393248 0.02 0.043715
0.418055 0.02 0.0451074
0.442431 0.02 0.0435001
0.46952 0.02 0.0438963
0.499998 0.02 0.0437519
0.529957 0.02 0.0441584
0.564053 0.02 0.0535309
0.02 0.0262705 0.063203
0.0381895 0.0304089 0.0528333
0.0581925 0.0294008 0.0517273
0.0795156 0.029477 0.0526498
0.0998233 0.0293488 0.0507627
0.120142 0.0288563 0.0498894
0.139933 0.0287806 0.0500445
0.160705 0.0274933 0.0494565
0.180466 0.0283652 0.0494514
0.201025 0.0278526 0.0488459
0.221419 0.0288891 0.0486381
0.241742 0.0269192 0.0503014
0.262546 0.0281641 0.0499563
0.282995 0.0275986 0.0494436
0.30426 0.0278943 0.0499167
0.325445 0.0267751 0.0499825
0.347108 0.0266228 0.0510744
0.369835 0.0253076 0.0505381
0.393129 0.0253937 0.0505107
0.417799 0.0239558 0.0499077
0.441938 0.0233191 0.0498312
0.468233 0.0220185 0.0497818
0.49698 0.0226694 0.0482815
0.525217 0.0207843 0.0497435
0.558881 0.02 0.0524401
0.02 0.0292302 0.0562048
0.0381412 0.0320083 0.0605231
0.0584819 0.0321164 0.0585632
0.0793424 0.0328562 0.0564967
0.0997789 0.0326565 0.0558019
0.120057 0.0322332 0.0551612
0.14013 0.0322773 0.0547325
0.160684 0.031365 0.0543419
0.180524 0.0318581 0.0537474
0.200935 0.0313079 0.0542711
0.221341 0.0320082 0.0545639
0.241673 0.0307961 0.0540307
0.262249 0.0316165 0.0545749
0.282839 0.0308153 0.0551619
0.304036 0.0311446 0.0550145
0.325206 0.030264 0.0546678
0.346916 0.0301362 0.0545218
0.369457 0.0291707 0.0547058
0.392712 0.0290885 0.0545874
0.41718 0.0277697 0.0536219
0.441265 0.0271499 0.052137
0.467253 0.0258834 0.0519028
0.494864 0.0260424 0.0519448
0.523031 0.0245156 0.0506001
0.553309 0.0227996 0.0513376
0.0286136 0.02 0.100492
0.0492186 0.02 0.102765
0.0693638 0.02 0.103196
0.0902497 0.02 0.103984
0.110526 0.02 0.103515
0.1317 0.02 0.103853
0.15107 0.02 0.103179
0.170978 0.02 0.103258
0.191006 0.02 0.103559
0.211264 0.02 0.104258
0.231405 0.02 0.103926
0.251677 0.02 0.103617
0.272107 0.02 0.103455
0.29279 0.02 0.103031
0.313701 0.02 0.102561
0.335252 0.02 0.101809
0.357134 0.02 0.100848
0.380082 0.02 0.0997591
0.403923 0.02 0.0979104
0.429282 0.02 0.0953324
0.455545 0.02 0.0925593
0.48501 0.02 0.0884663
0.515503 0.02 0.0842559
0.552524 0.02 0.0774902
0.0202063 0.02 0.102924
0.0480229 0.02 0.111637
0.0687268 0.02 0.112766
0.0900808 0.02 0.113221
0.110533 0.02 0.113205
0.131161 0.02 0.113683
0.152595 0.02 0.117899
0.171769 0.02 0.117412
0.191276 0.02 0.118013
0.21128 0.02 0.118133
0.231391 0.02 0.118015
0.251581 0.02 0.11764
0.27195 0.02 0.117379
0.292579 0.02 0.116957
0.31358 0.02 0.116405
0.335056 0.02 0.115321
0.356976 0.02 0.113854
0.379698 0.02 0.112201
0.403359 0.02 0.110046
0.428497 0.02 0.107564
0.454759 0.02 0.104061
0.484482 0.02 0.1
0.515333 0.02 0.0949845
0.559917 0.02 0.083016
0.020242 0.02 0.102436
0.0463564 0.02 0.107764
0.0688971 0.02 0.111179
0.0897835 0.02 0.110903
0.110498 0.02 0.111306
0.131198 0.02 0.110648
0.151244 0.02 0.110116
0.171261 0.02 0.110711
0.191111 0.02 0.111488
0.211207 0.02 0.111976
0.231452 0.02 0.111726
0.251592 0.02 0.111208
0.271972 0.02 0.111192
0.292625 0.02 0.110771
0.313689 0.02 0.110374
0.335253 0.02 0.109267
0.357202 0.02 0.107721
0.37992 0.02 0.106076
0.403741 0.02 0.10404
0.428774 0.02 0.101604
0.455281 0.02 0.0985214
0.484636 0.02 0.0946049
0.515379 0.02 0.0899887
0.557351 0.02 0.079759
0.0213442 0.02 0.0943995
0.0487808 0.02 0.099258
0.0684173 0.02 0.0985199
0.0901283 0.02 0.0997467
0.110224 0.02 0.0987143
0.130424 0.02 0.0992427
0.150608 0.02 0.0974921
0.170645 0.02 0.097174
0.190829 0.02 0.0977918
0.211171 0.02 0.0981736
0.231536 0.02 0.0979801
0.25171 0.02 0.0975507
0.272139 0.02 0.0976275
0.292905 0.02 0.0972063
0.313841 0.02 0.0968797
0.335562 0.02 0.0961519
0.357356 0.02 0.0953813
0.380323 0.02 0.0946014
0.404106 0.02 0.0931687
0.429282 0.02 0.0913047
0.455388 0.02 0.0892274
0.484366 0.02 0.086815
0.514168 0.02 0.0838105
0.552867 0.02 0.0774467
0.0236087 0.02 0.0885468
0.0479448 0.0206167 0.0900912
0.0686818 0.0211526 0.0884966
0.089827 0.0213656 0.0890431
0.109918 0.0209731 0.0886626
0.130537 0.021236 0.0891855
0.15057 0.020334 0.0892693
0.170854 0.0201756 0.0891279
0.190768 0.0201069 0.0889171
0.211131 0.020485 0.088849
0.23148 0.0200718 0.0891469
0.251811 0.02 0.0893445
0.272243 0.02 0.0889097
0.29314 0.02 0.0885896
0.313925 0.02 0.0880346
0.3357 0.02 0.0878484
0.357359 0.02 0.0875832
0.380607 0.02 0.087089
0.404272 0.02 0.0857681
0.429357 0.02 0.0837788
0.455295 0.02 0.0820495
0.4834 0.02 0.0792719
0.512006 0.02 0.0765161
0.546404 0.0202693 0.0726509
0.0260587 0.0231706 0.0822587
0.048557 0.0244784 0.0807219
0.0688275 0.0253893 0.0796101
0.0897498 0.0257915 0.0784923
0.109807 0.0257215 0.0785862
0.130143 0.0263464 0.0781414
0.150096 0.0258425 0.0788438
0.170929 0.0260012 0.0784878
0.190977 0.0261267 0.0782987
0.211055 0.0257089 0.0779187
0.231305 0.0259351 0.0784054
0.251911 0.0258316 0.0790427
0.272501 0.0254981 0.0786514
0.293274 0.0248402 0.0784894
0.314054 0.024642 0.0781268
0.335583 0.0247892 0.0779621
0.357483 0.024592 0.0777562
0.380763 0.0244782 0.0771726
0.404403 0.0242172 0.076013
0.429119 0.0237025 0.0743945
0.455084 0.0236379 0.0730374
0.482455 0.0232418 0.0702304
0.510207 0.0215929 0.0678233
0.540888 0.0221557 0.0662902
0.0274248 0.0287886 0.0770251
0.0486476 0.029547 0.075968
0.0688223 0.0299767 0.0747268
0.0897636 0.0305947 0.0734987
0.109835 0.0305245 0.0730685
0.13015 0.030884 0.0721882
0.150187 0.0307917 0.0727402
0.170778 0.0309023 0.0719272
0.190945 0.0306041 0.0715714
0.211008 0.0303974 0.0718015
0.231337 0.0304703 0.0717369
0.251844 0.0305181 0.0719846
0.272629 0.0300599 0.0721269
0.293271 0.0295544 0.0726404
0.314146 0.0293497 0.0725336
0.335558 0.029474 0.0720995
0.357627 0.0292875 0.07207
0.380623 0.0290113 0.071632
0.404272 0.0286997 0.070814
0.428708 0.0280826 0.0694792
0.454357 0.0279176 0.068328
0.480916 0.0274279 0.066813
0.508419 0.0258401 0.0652564
0.536766 0.0253778 0.0638347
0.0203573 0.02 0.120524
0.0367731 0.02 0.123958
0.0579939 0.02 0.128116
0.0793901 0.02 0.129936
0.10006 0.02 0.130499
0.120778 0.02 0.130705
0.14171 0.02 0.129332
0.161332 0.02 0.127936
0.18108 0.02 0.127812
0.201253 0.02 0.128114
0.221342 0.02 0.128109
0.24147 0.02 0.127855
0.261728 0.02 0.127542
0.282195 0.02 0.127182
0.302916 0.02 0.126684
0.324093 0.02 0.125894
0.345663 0.02 0.124679
0.367872 0.02 0.123174
0.391011 0.02 0.121232
0.415099 0.02 0.118874
0.441158 0.02 0.115438
0.467902 0.02 0.111623
0.499632 0.02 0.105505
0.530974 0.02 0.0991768
0.566896 0.02 0.0917131
0.020355 0.02 0.122216
0.0361375 0.02 0.126394
0.0580067 0.02 0.131251
0.0792876 0.02 0.13308
0.100116 0.02 0.133692
0.120801 0.02 0.133907
0.142196 0.02 0.132371
0.161876 0.02 0.130493
0.181205 0.02 0.129899
0.201295 0.02 0.130161
0.221355 0.02 0.130134
0.241465 0.02 0.12988
0.26172 0.02 0.129563
0.282175 0.02 0.129192
0.302898 0.02 0.128686
0.324057 0.02 0.127892
0.34562 0.02 0.126685
0.367823 0.02 0.125183
0.39094 0.02 0.123255
0.415033 0.02 0.120905
0.441001 0.02 0.117509
0.467825 0.02 0.113644
0.499361 0.02 0.107539
0.531733 0.02 0.100544
0.567656 0.02 0.0923738
0.020373 0.02 0.123677
0.0347456 0.02 0.128501
0.0577966 0.02 0.135501
0.0792378 0.02 0.1374
0.100087 0.02 0.137989
0.120653 0.02 0.138403
0.142102 0.02 0.137536
