0.02 0.0199626 0.0303772
0.0466138 0.02 0.0347348
0.058539 0.02 0.04272
0.0830719 0.02 0.0424296
0.0986738 0.02 0.0416954
0.121166 0.02 0.042388
0.136376 0.02 0.0393288
0.156184 0.02 0.0376401
0.176623 0.02 0.0373307
0.200134 0.02 0.0439174
0.220211 0.02 0.0430013
0.236594 0.02 0.039861
0.257012 0.02 0.0405817
0.278346 0.02 0.0422977
0.299488 0.02 0.0423836
0.320221 0.02 0.0432408
0.337294 0.02 0.0378255
0.357043 0.02 0.0385023
0.378464 0.02 0.037632
0.399813 0.02 0.0370794
0.426234 0.02 0.0323229
0.445421 0.02 0.0376127
0.476381 0.02 0.0438688
0.496722 0.02 0.0276594
0.53261 0.02 0.0305846
0.02 0.0199627 0.0301196
0.0335358 0.02 0.0384574
0.0624688 0.02 0.0334535
0.0800188 0.02 0.0307438
0.101915 0.02 0.0325857
0.121173 0.02 0.0324456
0.144259 0.02 0.0359051
0.163935 0.02 0.0380318
0.18479 0.02 0.0383224
0.201353 0.02 0.0335122
0.220881 0.02 0.0349145
0.244185 0.02 0.0370402
0.264267 0.02 0.036447
0.283626 0.02 0.0350453
0.301984 0.02 0.0343587
0.320894 0.02 0.0346495
0.34421 0.02 0.0382893
0.365402 0.02 0.0381678
0.386552 0.02 0.0389986
0.408212 0.02 0.0386181
0.426515 0.02 0.042311
0.451785 0.02 0.0336525
0.475234 0.02 0.0257489
0.506729 0.02 0.0426759
0.533089 0.02 0.0306361
0.02 0.0199626 0.0302261
0.0448881 0.02 0.0235981
0.0646728 0.02 0.0268785
0.0803506 0.02 0.0286506
0.100769 0.02 0.027413
0.119056 0.02 0.0271782
0.141077 0.02 0.027298
0.161965 0.02 0.0268767
0.180864 0.02 0.0279584
0.199849 0.02 0.0264467
0.22051 0.02 0.0268496
0.240238 0.02 0.0277015
0.259859 0.02 0.0276402
0.279626 0.02 0.0272143
0.300046 0.02 0.0276112
0.320557 0.02 0.026557
0.341006 0.02 0.028391
0.361322 0.02 0.0279168
0.382355 0.02 0.0278623
0.403793 0.02 0.0283643
0.425574 0.02 0.0279695
0.450233 0.02 0.0288861
0.470366 0.02 0.0261082
0.502956 0.02 0.0230685
0.533933 0.02 0.030518
0.02 0.0199644 0.026908
0.0445003 0.0254207 0.0246883
0.0611335 0.0231977 0.0226091
0.0820762 0.0239712 0.0239149
0.10011 0.0227305 0.0236753
0.120678 0.0231882 0.0228509
0.139575 0.0222669 0.0237087
0.160372 0.0227665 0.023507
0.180233 0.0219594 0.023374
0.200181 0.022895 0.0228681
0.220568 0.0226311 0.0228426
0.240267 0.0223344 0.0236477
0.260133 0.0224875 0.0234991
0.280176 0.0228503 0.0230238
0.300409 0.022794 0.0230563
0.320713 0.0229883 0.0227031
0.341066 0.0221656 0.0238148
0.361393 0.0221085 0.0235495
0.382399 0.0220131 0.0234676
0.403863 0.0215963 0.0234239
0.425771 0.0208673 0.0235396
0.449369 0.02 0.023964
0.472745 0.02 0.0218497
0.501436 0.02 0.0206531
0.532142 0.02 0.0296097
0.02 0.0309286 0.0270614
0.038076 0.0340339 0.0240154
0.0602668 0.0332328 0.0227907
0.0802753 0.0342596 0.02325
0.100333 0.0327273 0.0225877
0.120282 0.0328641 0.022527
0.140128 0.0317525 0.0228057
0.160283 0.0319563 0.0226367
0.180303 0.0314042 0.0224427
0.200296 0.0322104 0.0225422
0.220451 0.0318471 0.0226844
0.240274 0.0316371 0.0227564
0.260281 0.0317126 0.0228247
0.280304 0.032037 0.0228087
0.300448 0.0320399 0.0227544
0.320622 0.0320905 0.022797
0.340945 0.0314128 0.0229394
0.361382 0.0311966 0.0231179
0.382286 0.0309944 0.0232408
0.403503 0.030579 0.0233171
0.425361 0.0300296 0.0232023
0.448288 0.0291979 0.0227037
0.472077 0.0280804 0.0223783
0.497862 0.028667 0.0217025
0.528772 0.0253948 0.0284317
0.02 0.0377242 0.0321806
0.0387125 0.0418206 0.02949
0.0594808 0.0416222 0.0283894
0.0801665 0.0423512 0.0287742
0.100074 0.0415352 0.0275774
0.120093 0.0414078 0.0276277
0.140058 0.0407499 0.027254
0.160186 0.0406739 0.0271241
0.180309 0.0403986 0.0268489
0.200298 0.0407036 0.0271269
0.220293 0.0405148 0.0269879
0.240238 0.0404666 0.0271188
0.26031 0.0404807 0.0271569
0.280325 0.0405924 0.0271945
0.300441 0.0406102 0.0271716
0.320558 0.0404946 0.0272244
0.34084 0.0401154 0.0272051
0.361344 0.0397144 0.0272226
0.382147 0.039337 0.02719
0.403261 0.0387151 0.0271213
0.424907 0.0381908 0.0271064
0.447354 0.0373692 0.0269386
0.470417 0.0359562 0.0263126
0.49477 0.0360276 0.0263718
0.524061 0.0315265 0.0275581
0.02 0.0426491 0.0304548
0.0388796 0.046793 0.0308695
0.0593364 0.0475716 0.0298453
0.0799281 0.0479453 0.0290281
0.0999696 0.0477021 0.0287277
0.120041 0.0475162 0.0284376
0.140048 0.0470594 0.0284084
0.16014 0.0469444 0.0284871
0.1802 0.046759 0.0284406
0.200241 0.0468033 0.0283927
0.220209 0.0466965 0.0284257
0.240214 0.0467028 0.0285281
0.26026 0.0466678 0.0285669
0.280285 0.046677 0.0285308
0.300381 0.0466814 0.0285306
0.320508 0.0464901 0.028516
0.34076 0.0462372 0.0286053
0.361233 0.045776 0.0285763
0.381915 0.0453107 0.0285163
0.402913 0.0446038 0.0284095
0.424337 0.0439492 0.0283285
0.44658 0.04294 0.0280468
0.469212 0.0414872 0.0273407
0.492798 0.0409289 0.0266526
0.518882 0.0383958 0.0267358
0.0254334 0.02 0.059389
0.0491476 0.02 0.0606667
0.0694569 0.02 0.0605558
0.090181 0.02 0.0610402
0.110262 0.02 0.060806
0.131207 0.02 0.0611402
0.150579 0.02 0.0610001
0.170565 0.02 0.061396
0.190532 0.02 0.0615005
0.210596 0.02 0.0620072
0.23044 0.02 0.0619884
0.250422 0.02 0.0620206
0.270365 0.02 0.0618991
0.29039 0.02 0.0617826
0.310421 0.02 0.0617315
0.330667 0.02 0.061704
0.350995 0.02 0.0616249
0.371687 0.02 0.0613918
0.392715 0.02 0.0608903
0.414431 0.02 0.0600583
0.436747 0.02 0.0588598
0.461066 0.02 0.0570007
0.487171 0.02 0.0552477
0.517976 0.02 0.0508328
0.0199841 0.02 0.0607316
0.0479209 0.02 0.0678533
0.0688026 0.02 0.0684898
0.0900081 0.02 0.0687163
0.11028 0.02 0.0688431
0.130729 0.02 0.0694184
0.152219 0.02 0.0737616
0.171371 0.02 0.0734976
0.1908 0.02 0.0741903
0.210668 0.02 0.0743303
0.230555 0.02 0.0743593
0.250419 0.02 0.0741885
0.27032 0.02 0.0741724
0.290337 0.02 0.0741062
0.310453 0.02 0.0740257
0.330684 0.02 0.0737249
0.351014 0.02 0.0733109
0.371613 0.02 0.0728476
0.392558 0.02 0.0721098
0.414228 0.02 0.071326
0.436534 0.02 0.0696411
0.461232 0.02 0.0679066
0.487472 0.02 0.065058
0.524842 0.02 0.0560182
0.0219733 0.0246476 0.0604063
0.0464958 0.0265327 0.0644984
0.0689829 0.0261114 0.0669842
0.089719 0.0262192 0.0665405
0.110228 0.0258443 0.0671204
0.130713 0.0256725 0.066676
0.150771 0.0259079 0.0668512
0.170883 0.0260775 0.0675552
0.190634 0.0261563 0.0682872
0.210572 0.0261816 0.0687416
0.230558 0.0261733 0.0687009
0.250397 0.0262364 0.06849
0.27031 0.0262508 0.0686209
0.290337 0.0262449 0.068574
0.310492 0.026205 0.0685832
0.330772 0.0260647 0.068254
0.351117 0.025811 0.0678198
0.371695 0.0256117 0.0673244
0.392742 0.0251855 0.0666983
0.414258 0.0244741 0.0659375
0.436799 0.0236927 0.0645769
0.461124 0.02211 0.0628701
0.487341 0.021024 0.0604299
0.522424 0.0219928 0.0529948
0.0233693 0.0291047 0.0560685
0.0489681 0.0312521 0.0581014
0.0684793 0.0319471 0.0576292
0.0901518 0.0317143 0.0580394
0.10994 0.031724 0.0576757
0.129978 0.0315793 0.0577304
0.1501 0.0310447 0.0568881
0.17021 0.0307606 0.0567135
0.190375 0.0308178 0.0570807
0.210445 0.0309135 0.0572805
0.230457 0.0308229 0.057393
0.250364 0.0307424 0.0573497
0.270307 0.0308212 0.0573754
0.290359 0.0307705 0.0572954
0.31047 0.0307873 0.0573277
0.33077 0.030636 0.0572795
0.351091 0.0304107 0.0572829
0.371696 0.0302181 0.0571432
0.392685 0.02983 0.0569452
0.41424 0.0294587 0.056699
0.436415 0.0288632 0.0560074
0.460428 0.0280778 0.0556172
0.485996 0.0273186 0.0549507
0.518319 0.0280445 0.0508832
0.0248068 0.033675 0.0516021
0.0488233 0.0356696 0.0521396
0.0689917 0.0369374 0.0516948
0.0899663 0.0368579 0.0515974
0.109871 0.0368816 0.0513787
0.130107 0.036857 0.0514114
0.150278 0.0363746 0.0513915
0.170248 0.0362967 0.0511659
0.190312 0.0363071 0.051175
0.21032 0.0364266 0.0511899
0.230368 0.0363001 0.0513997
0.25032 0.0361448 0.0516018
0.270285 0.0362183 0.0514921
0.290352 0.0361945 0.0514499
0.310448 0.0361972 0.0513865
0.330722 0.0359679 0.051461
0.351036 0.0357201 0.0515543
0.371648 0.0354048 0.0514944
0.392562 0.0350756 0.0513074
0.414044 0.0346647 0.0508307
0.435959 0.0341082 0.0501896
0.45924 0.0336516 0.0492678
0.483839 0.0331497 0.0487911
0.512628 0.0335789 0.0465672
0.0269521 0.0395383 0.0466185
0.0489983 0.0412826 0.0461016
0.0694307 0.0428816 0.045432
0.0898885 0.042951 0.0449819
0.109923 0.0429554 0.0447414
0.130012 0.0428161 0.0445693
0.150112 0.0424534 0.0447294
0.170198 0.0422646 0.0446744
0.190229 0.0422585 0.0446791
0.210255 0.0423241 0.0447137
0.23026 0.0422277 0.0448349
0.250274 0.0421298 0.0449706
0.270275 0.0421637 0.0449674
0.290334 0.0421628 0.0449412
0.310438 0.042116 0.0448982
0.330648 0.0418998 0.0449165
0.350986 0.0416183 0.0448626
0.371556 0.0412705 0.0447846
0.392437 0.0408696 0.0444981
0.413753 0.0403523 0.0441286
0.435539 0.0397123 0.0435739
0.458345 0.0388249 0.0420795
0.481763 0.0380788 0.0411924
0.507663 0.0380582 0.0407758
0.0281401 0.046743 0.0427326
0.0490988 0.0485255 0.0425638
0.0695373 0.0496623 0.0418837
0.089875 0.049977 0.0414335
0.109982 0.0498681 0.0412288
0.130025 0.0496935 0.0411101
0.150114 0.0493588 0.0411594
0.170153 0.0491668 0.0411363
0.190194 0.0491321 0.0411051
0.210221 0.0491509 0.0411022
0.2302 0.0490956 0.0411902
0.250239 0.0490485 0.0412893
0.270262 0.0490374 0.0412733
0.290298 0.0490324 0.0412596
0.310423 0.0489454 0.0412344
0.330563 0.0487382 0.0412553
0.350917 0.0484388 0.0412412
0.371411 0.0480091 0.0411699
0.392216 0.0474939 0.0410018
0.41333 0.0468684 0.0407883
0.435014 0.046102 0.0404243
0.457362 0.0449203 0.0396872
0.480143 0.0439661 0.0388818
0.504046 0.0436989 0.0384384
0.0199743 0.02 0.0760184
0.0367182 0.02 0.0793368
0.0580549 0.02 0.0830089
0.0794119 0.02 0.0843707
0.0999422 0.02 0.0847724
0.120514 0.02 0.0850615
0.141353 0.02 0.0840951
0.160997 0.02 0.0831698
0.180656 0.02 0.0833094
0.200747 0.02 0.0836907
0.22066 0.02 0.0837618
0.240545 0.02 0.0836621
0.260401 0.02 0.0835555
0.280357 0.02 0.0834995
0.300371 0.02 0.0834073
0.320521 0.02 0.0832304
0.340731 0.02 0.0829224
0.361141 0.02 0.0825145
0.38188 0.02 0.0818907
0.402939 0.02 0.0811099
0.425163 0.02 0.0795602
0.447695 0.02 0.0777127
0.474011 0.02 0.0742384
0.500702 0.02 0.0698351
0.531244 0.02 0.0640979
0.0199916 0.02 0.0776907
0.0361041 0.02 0.081685
0.0580703 0.02 0.0860271
0.0793126 0.02 0.0873847
0.100006 0.02 0.0878074
0.120546 0.02 0.0880848
0.141854 0.02 0.0869628
0.161542 0.02 0.0855833
0.180789 0.02 0.085289
0.200793 0.02 0.0856378
0.22068 0.02 0.0856893
0.240547 0.02 0.085582
0.260406 0.02 0.0854721
0.280354 0.02 0.0854072
0.300368 0.02 0.0853118
0.320509 0.02 0.0851323
0.340715 0.02 0.0848288
0.36112 0.02 0.0844298
0.381843 0.02 0.083818
0.402915 0.02 0.0830372
0.425077 0.02 0.0815121
0.447713 0.02 0.0796168
0.473857 0.02 0.0761317
0.5014 0.02 0.0711501
0.531922 0.02 0.0647165
0.0199852 0.02 0.0791367
0.0347362 0.0224794 0.083747
0.0578738 0.0231699 0.0900546
0.0792666 0.0234917 0.0914925
0.0999853 0.0235596 0.0918787
0.120412 0.0233635 0.0923348
0.141781 0.0228747 0.0918145
