0.0199955 0.02 0.0278488
0.0464369 0.02 0.0316369
0.0587446 0.02 0.0381821
0.0828719 0.02 0.038732
0.0991676 0.02 0.0374327
0.12111 0.02 0.0378863
0.136939 0.02 0.0355286
0.156219 0.02 0.0339741
0.177269 0.02 0.0333775
0.200248 0.02 0.0392803
0.220034 0.02 0.0386138
0.237192 0.02 0.0361819
0.257218 0.02 0.0367758
0.278639 0.02 0.0379009
0.299394 0.02 0.0381967
0.320067 0.02 0.0384732
0.337192 0.02 0.0342427
0.357405 0.02 0.0343377
0.378479 0.02 0.0334662
0.39995 0.02 0.0333967
0.42466 0.02 0.0287602
0.445197 0.02 0.0319291
0.473819 0.02 0.0408674
0.495523 0.02 0.0275559
0.527167 0.02 0.0279567
0.0199958 0.02 0.0276151
0.032171 0.02 0.0338172
0.0626278 0.02 0.0282156
0.0794134 0.02 0.0278825
0.101981 0.02 0.0281292
0.120302 0.02 0.0280521
0.143873 0.02 0.0319471
0.163573 0.02 0.034635
0.184407 0.02 0.0348001
0.200928 0.02 0.0291522
0.220524 0.02 0.0313501
0.243557 0.02 0.0330144
0.263703 0.02 0.0327465
0.282706 0.02 0.0312039
0.301567 0.02 0.0310247
0.320581 0.02 0.0306147
0.343696 0.02 0.0348802
0.36446 0.02 0.0347906
0.385215 0.02 0.0355035
0.405818 0.02 0.0342981
0.425117 0.02 0.0382094
0.44769 0.02 0.0315928
0.4728 0.02 0.0243952
0.501439 0.02 0.0359676
0.527648 0.02 0.0279902
0.0199957 0.02 0.0277119
0.0447302 0.02 0.0219006
0.0635157 0.02 0.0263158
0.0797884 0.02 0.0260189
0.101518 0.02 0.0262012
0.119578 0.02 0.0264409
0.141357 0.02 0.0260341
0.161777 0.02 0.02529
0.180892 0.02 0.0264987
0.200336 0.02 0.0262275
0.220195 0.02 0.0259453
0.240497 0.02 0.0263476
0.260108 0.02 0.0262458
0.280099 0.02 0.0263243
0.300073 0.02 0.0263579
0.320342 0.02 0.02623
0.340483 0.02 0.0266698
0.360859 0.02 0.0265848
0.381401 0.02 0.0266188
0.402778 0.02 0.0273328
0.424346 0.02 0.0269137
0.447112 0.02 0.0282669
0.467749 0.02 0.0246089
0.499446 0.02 0.0245233
0.528495 0.02 0.0278535
0.0200018 0.021379 0.0246736
0.0443632 0.0277496 0.0228192
0.0611638 0.0250526 0.0217885
0.0817088 0.0267064 0.0221451
0.100623 0.024926 0.0225671
0.120481 0.0251157 0.0220497
0.139614 0.0246346 0.0223248
0.160245 0.0254189 0.0219543
0.18035 0.0245084 0.0219802
0.200339 0.024763 0.0221854
0.22029 0.0247854 0.0217273
0.240333 0.0248298 0.0222594
0.260181 0.0249429 0.0220977
0.280261 0.0249978 0.0219822
0.300289 0.0249947 0.0218163
0.320445 0.0249401 0.0218807
0.340607 0.0247611 0.0222172
0.360963 0.0246584 0.0221369
0.381604 0.0245319 0.0221285
0.402861 0.0239955 0.0222566
0.424395 0.0232575 0.0224607
0.446821 0.0218017 0.0233971
0.470251 0.02095 0.0207076
0.498387 0.02 0.0222474
0.526698 0.0210467 0.0270563
0.02 0.0328203 0.0253356
0.0380059 0.0365688 0.0223709
0.0602691 0.035315 0.0212502
0.0801489 0.0368271 0.0219816
0.1004 0.0349385 0.0213208
0.12017 0.0350584 0.0212061
0.140107 0.0344022 0.0213361
0.160235 0.0347897 0.0212796
0.180315 0.034147 0.0211521
0.200299 0.0345444 0.0211733
0.220327 0.0344805 0.0211441
0.240285 0.0343545 0.0214264
0.260222 0.0344419 0.0214004
0.280262 0.0345737 0.0213345
0.300285 0.0346552 0.0212697
0.320396 0.0345609 0.0212212
0.340582 0.0342605 0.0214728
0.360904 0.0340476 0.0214921
0.381525 0.0338395 0.0215944
0.402491 0.0333063 0.0215898
0.423915 0.0325662 0.0215824
0.446075 0.0314487 0.0213725
0.469517 0.0307978 0.0209828
0.495046 0.029797 0.02132
0.523457 0.0269925 0.0261227
0.02 0.0399873 0.0290039
0.0386146 0.0440841 0.0270398
0.0595112 0.0438256 0.0260683
0.0801245 0.0445729 0.0264104
0.0999707 0.0437177 0.0254311
0.120048 0.0436431 0.0255372
0.140048 0.0431976 0.0253322
0.160152 0.0431873 0.0251761
0.180245 0.0428785 0.0249952
0.200261 0.0431226 0.0251958
0.220246 0.0430225 0.0251588
0.24022 0.0429655 0.025182
0.260223 0.0430057 0.0252079
0.280247 0.0430949 0.0252423
0.300271 0.0431252 0.0252804
0.320342 0.0430231 0.0252732
0.340522 0.0427276 0.0252359
0.360838 0.0424309 0.0251883
0.381391 0.042076 0.0251876
0.402219 0.0414874 0.0250928
0.423421 0.0408163 0.0251114
0.445279 0.0400249 0.0249309
0.467872 0.038568 0.0246969
0.49184 0.037794 0.0250275
0.519037 0.0331869 0.0254173
0.02 0.0454223 0.0274748
0.0388877 0.0492553 0.0277926
0.0593552 0.0501208 0.0269658
0.079919 0.0501907 0.0262772
0.0998548 0.0501772 0.0260391
0.120006 0.0500645 0.0258374
0.140031 0.0497548 0.0258079
0.160102 0.0497084 0.0258546
0.180139 0.0495299 0.0258441
0.200201 0.0496092 0.0258685
0.220191 0.0494845 0.0258804
0.240182 0.0494939 0.0259265
0.260184 0.0494872 0.0259494
0.280204 0.0495277 0.0259534
0.300232 0.0494967 0.0259569
0.320307 0.0493983 0.025961
0.340464 0.0491585 0.0259641
0.360745 0.0488638 0.0259394
0.381202 0.0484499 0.0258947
0.401909 0.0478741 0.0258446
0.422934 0.047127 0.0257913
0.444585 0.0462199 0.025748
0.466784 0.0444655 0.0252789
0.489804 0.0433038 0.0250962
0.514251 0.0403779 0.0247609
0.0256956 0.02 0.0545876
0.0491987 0.02 0.0558763
0.069381 0.02 0.0555753
0.0901943 0.02 0.0560418
0.110315 0.02 0.0556687
0.131187 0.02 0.0558919
0.15054 0.02 0.0557041
0.170588 0.02 0.0561453
0.190513 0.02 0.0562358
0.210577 0.02 0.056647
0.23039 0.02 0.0566541
0.250371 0.02 0.0567038
0.270315 0.02 0.0565732
0.290278 0.02 0.0564775
0.310284 0.02 0.0564236
0.330381 0.02 0.056449
0.350644 0.02 0.0564253
0.371117 0.02 0.0562514
0.391906 0.02 0.0559029
0.413164 0.02 0.0552739
0.4352 0.02 0.0542821
0.458618 0.02 0.052846
0.484214 0.02 0.0511803
0.512953 0.02 0.046928
0.02 0.0199631 0.0559908
0.048049 0.02 0.0626303
0.0688035 0.02 0.0630305
0.0900218 0.02 0.0632142
0.110314 0.02 0.0632302
0.130707 0.02 0.0637538
0.152224 0.02 0.0680512
0.17139 0.02 0.0677734
0.190799 0.02 0.0684381
0.210652 0.02 0.0685305
0.230517 0.02 0.0685684
0.250381 0.02 0.068432
0.270271 0.02 0.0684112
0.290254 0.02 0.0683614
0.310305 0.02 0.0682964
0.330434 0.02 0.0680897
0.35065 0.02 0.06783
0.371077 0.02 0.0675291
0.391771 0.02 0.066992
0.413087 0.02 0.0664156
0.43497 0.02 0.0649753
0.458938 0.02 0.0635065
0.48433 0.02 0.06066
0.519752 0.02 0.0520709
0.022219 0.0265365 0.0557555
0.046954 0.027971 0.0593445
0.0689718 0.0281466 0.0613191
0.0897458 0.0281939 0.0609431
0.11026 0.0279455 0.0613902
0.130628 0.0277651 0.0609715
0.150714 0.0277819 0.0613462
0.170901 0.0277692 0.0620241
0.190631 0.0278333 0.0627093
0.210555 0.02788 0.063056
0.230495 0.0278564 0.0630722
0.25035 0.0278772 0.0629507
0.27026 0.0279095 0.0630387
0.290251 0.0278994 0.06301
0.310336 0.0278781 0.0630039
0.330496 0.0277459 0.0627955
0.350732 0.0275082 0.0625249
0.371129 0.0272913 0.0621926
0.391924 0.0268466 0.0617718
0.413075 0.0261451 0.0611791
0.435221 0.0253251 0.0600382
0.458793 0.0236919 0.0585984
0.484248 0.0224985 0.0561409
0.517334 0.0233191 0.0491429
0.0236256 0.0311262 0.0516703
0.0491676 0.033208 0.0538023
0.0684045 0.0335197 0.0529196
0.0901791 0.0337218 0.0533476
0.109943 0.0334329 0.0529377
0.129894 0.0332668 0.052962
0.150001 0.0329937 0.0522394
0.170218 0.0327523 0.0521074
0.190378 0.032738 0.0524411
0.210415 0.0327516 0.0525467
0.230374 0.0327363 0.052683
0.250298 0.0326927 0.0526818
0.270263 0.0327106 0.0526896
0.29024 0.032679 0.0526332
0.310332 0.0326687 0.0526406
0.330452 0.0325669 0.0526344
0.350706 0.0324284 0.0526601
0.371092 0.032214 0.0525723
0.391847 0.031878 0.0524814
0.412973 0.0315115 0.0523735
0.434831 0.0308442 0.0518592
0.45803 0.0300276 0.0517826
0.483028 0.0290429 0.051181
0.513432 0.0293794 0.0471944
0.025044 0.0359206 0.0475059
0.0490245 0.0378813 0.0482514
0.0689728 0.0387685 0.0482562
0.0899896 0.038851 0.0478213
0.109862 0.0387996 0.0478289
0.130015 0.0388601 0.0478581
0.150188 0.0385698 0.0476174
0.170234 0.0385057 0.0473872
0.190302 0.0385239 0.0474414
0.210287 0.0385617 0.0474954
0.230303 0.038508 0.047638
0.250248 0.0384072 0.047738
0.270235 0.038453 0.0477205
0.29023 0.0384434 0.047661
0.310307 0.0384224 0.0476424
0.330422 0.0382591 0.0476593
0.350655 0.0380775 0.0476457
0.371046 0.0378224 0.047569
0.391715 0.0375631 0.0473754
0.412774 0.0371608 0.0469947
0.434346 0.0365328 0.0465138
0.456856 0.0360878 0.0459405
0.481003 0.0353225 0.0456416
0.508137 0.0350059 0.0432684
0.0271561 0.0421714 0.0428289
0.0490492 0.0439234 0.0425055
0.06946 0.0453734 0.0420087
0.0898368 0.0454418 0.0416615
0.109881 0.0454626 0.0414287
0.129956 0.0454392 0.0412592
0.150053 0.0452165 0.0413126
0.170174 0.0450486 0.0413093
0.190198 0.0450372 0.0413273
0.210221 0.0450542 0.041367
0.230209 0.045012 0.0414651
0.250206 0.0449366 0.0415317
0.270207 0.0449777 0.0415507
0.290224 0.0449657 0.0415247
0.310276 0.0449182 0.0415091
0.330386 0.0447499 0.0414964
0.350604 0.0445273 0.0414333
0.370981 0.0442368 0.0413193
0.391589 0.0438826 0.0410686
0.412533 0.043351 0.0407622
0.433876 0.0426264 0.0403578
0.456032 0.0417116 0.0392099
0.478983 0.0407436 0.0386028
0.503601 0.0397904 0.0380749
0.028355 0.0500312 0.0391589
0.0491001 0.0518269 0.0390749
0.0695991 0.0528298 0.0385161
0.0897818 0.0530757 0.0381375
0.109925 0.0530778 0.038034
0.129977 0.0530033 0.0379212
0.150067 0.0527999 0.0379196
0.170119 0.0526312 0.0379245
0.190141 0.0526088 0.0379291
0.210191 0.0526068 0.0379358
0.230158 0.05256 0.0379839
0.250175 0.0525376 0.0380434
0.270172 0.0525495 0.0380439
0.290199 0.0525295 0.0380377
0.310241 0.0524564 0.0380297
0.330345 0.0522958 0.0380294
0.350536 0.0520546 0.0379993
0.370861 0.051722 0.0379326
0.391386 0.0512668 0.0378084
0.412174 0.0506291 0.0376575
0.433355 0.0498046 0.0374387
0.455166 0.0485554 0.0369791
0.477374 0.0472935 0.0364176
0.500316 0.0462257 0.0360353
0.0199826 0.02 0.0709531
0.0369467 0.02 0.0740104
0.0581255 0.02 0.0773332
0.0794473 0.02 0.0785578
0.099972 0.02 0.0788878
0.120531 0.02 0.0791377
0.141354 0.02 0.0782058
0.161027 0.02 0.0773075
0.180665 0.02 0.0774232
0.200745 0.02 0.0777594
0.220636 0.02 0.077807
0.240507 0.02 0.0777238
0.260356 0.02 0.0776281
0.280292 0.02 0.0775731
0.300264 0.02 0.0774936
0.320338 0.02 0.0773769
0.340449 0.02 0.0771931
0.360734 0.02 0.0769354
0.38127 0.02 0.0764816
0.402041 0.02 0.0759058
0.423873 0.02 0.0746085
0.445843 0.02 0.0730226
0.4713 0.02 0.0698074
0.496885 0.02 0.0654392
0.526345 0.02 0.060264
0.0199918 0.02 0.0726067
0.0363158 0.02 0.0763367
0.0581484 0.02 0.080341
0.0793549 0.02 0.0815495
0.100036 0.02 0.0818949
0.120564 0.02 0.0821378
0.141861 0.02 0.0810509
0.16157 0.02 0.0797009
0.1808 0.02 0.0793884
0.200791 0.02 0.0796933
0.220657 0.02 0.0797214
0.240509 0.02 0.0796274
0.260361 0.02 0.0795286
0.28029 0.02 0.0794648
0.300262 0.02 0.0793823
0.320328 0.02 0.0792631
0.340437 0.02 0.0790806
0.360717 0.02 0.0788285
0.38124 0.02 0.0783815
0.402026 0.02 0.0778014
0.423794 0.02 0.0765245
0.445868 0.02 0.0748931
0.471154 0.02 0.0716703
0.49757 0.02 0.0667741
0.527034 0.02 0.0608919
0.02 0.021533 0.0740403
0.0349449 0.0241858 0.078397
0.0579641 0.0249775 0.0843269
0.0793156 0.0252952 0.0855957
0.100017 0.025356 0.0859018
0.12043 0.0251876 0.0863226
0.141793 0.0246276 0.0858314
