0.019975 0.02 0.0253472
0.0455953 0.02 0.0286521
0.0584672 0.02 0.0344357
0.0825464 0.02 0.0349023
0.0990673 0.02 0.0337562
0.121318 0.02 0.0341785
0.138071 0.02 0.0313831
0.156785 0.02 0.0304305
0.178595 0.02 0.0300016
0.200132 0.02 0.035433
0.220306 0.02 0.0332326
0.237655 0.02 0.0319969
0.258219 0.02 0.0321338
0.278736 0.02 0.0333895
0.29956 0.02 0.033202
0.320068 0.02 0.0335306
0.338226 0.02 0.0304217
0.358472 0.02 0.0305565
0.378858 0.02 0.030352
0.400168 0.02 0.0300909
0.423253 0.02 0.0269384
0.444579 0.02 0.0287855
0.469824 0.02 0.0322652
0.494199 0.02 0.0268524
0.522111 0.02 0.0254665
0.0199764 0.02 0.0251377
0.0310961 0.02 0.0299026
0.0621248 0.02 0.0254353
0.0791743 0.02 0.0250865
0.101712 0.02 0.0253596
0.120448 0.02 0.0254139
0.143452 0.02 0.0288007
0.163014 0.02 0.0309598
0.182506 0.02 0.0302666
0.200841 0.02 0.0264647
0.220544 0.02 0.0277626
0.242763 0.02 0.0297616
0.262255 0.02 0.0291991
0.281707 0.02 0.0279499
0.300913 0.02 0.0277906
0.320399 0.02 0.0274688
0.342473 0.02 0.0309866
0.362695 0.02 0.0307207
0.383473 0.02 0.0311513
0.403229 0.02 0.0301883
0.423634 0.02 0.0337501
0.445554 0.02 0.02886
0.469589 0.02 0.0257569
0.494757 0.02 0.0268692
0.522611 0.02 0.0254935
0.020025 0.02 0.0252253
0.0438347 0.02 0.020239
0.0629496 0.02 0.0237667
0.0795153 0.02 0.0234716
0.101261 0.02 0.0236619
0.119725 0.02 0.0239881
0.141618 0.02 0.0245935
0.161679 0.02 0.0239671
0.180791 0.02 0.0255947
0.200331 0.02 0.0242803
0.220416 0.02 0.0256326
0.240425 0.02 0.0250191
0.260458 0.02 0.0254678
0.280341 0.02 0.0252559
0.300317 0.02 0.0255753
0.320297 0.02 0.0255085
0.340269 0.02 0.0255743
0.360555 0.02 0.0256205
0.380961 0.02 0.0254477
0.40181 0.02 0.0261217
0.422968 0.02 0.0252623
0.445482 0.02 0.0266809
0.46688 0.02 0.0254836
0.494987 0.02 0.0256678
0.523489 0.02 0.0253543
0.0200141 0.0244827 0.0224834
0.0439998 0.0305586 0.0208787
0.0609251 0.0279139 0.0204523
0.0812282 0.0296822 0.0208583
0.100489 0.0281091 0.0208101
0.120399 0.0282854 0.0207323
0.13976 0.0274976 0.0208915
0.160184 0.0283155 0.0206404
0.180285 0.0271953 0.0207479
0.200345 0.0277862 0.0209514
0.220294 0.0272035 0.0210793
0.240184 0.0276584 0.0208125
0.260247 0.0275198 0.0209293
0.280199 0.0276135 0.0208196
0.300247 0.0275214 0.0208345
0.320294 0.0274729 0.0208377
0.340372 0.0274341 0.0208638
0.360638 0.0273022 0.0208443
0.381034 0.0272395 0.0207219
0.401886 0.0266885 0.0208935
0.423041 0.0262199 0.0207904
0.445266 0.0244528 0.0220172
0.467989 0.0224581 0.0216469
0.494406 0.0217174 0.0230931
0.521613 0.0235031 0.0246347
0.02 0.0350203 0.0239469
0.0378928 0.0395288 0.0209669
0.0601246 0.0377986 0.0202186
0.0800038 0.039398 0.0208379
0.100268 0.0377368 0.0203945
0.120057 0.0379055 0.0203723
0.140074 0.0373988 0.020397
0.160176 0.0379424 0.0203922
0.180283 0.0372176 0.0202287
0.200264 0.0376211 0.0203975
0.220246 0.0372665 0.0203347
0.240178 0.0375707 0.0204718
0.260178 0.0375181 0.020448
0.280172 0.0375991 0.0204629
0.300193 0.0375704 0.0204424
0.320253 0.0375022 0.0204199
0.340349 0.037414 0.0204434
0.360569 0.0372112 0.0204324
0.380941 0.037075 0.0204342
0.401595 0.0365263 0.0203953
0.422636 0.0359828 0.020424
0.444312 0.0346798 0.0204292
0.467046 0.0329261 0.0201617
0.491516 0.0316885 0.0206413
0.518349 0.0293844 0.0239998
0.02 0.0423029 0.0259772
0.0385397 0.0468467 0.024501
0.0594522 0.0462873 0.0236941
0.0799964 0.0470268 0.0237702
0.0998884 0.0462762 0.0231412
0.119984 0.0462863 0.0233552
0.140013 0.0460612 0.0233329
0.160118 0.0460795 0.0232914
0.180213 0.0458145 0.0231721
0.200201 0.045926 0.0232936
0.220181 0.0458199 0.0232435
0.24017 0.0459187 0.023331
0.260143 0.0459393 0.0233273
0.280153 0.0459566 0.0233466
0.300161 0.0459445 0.0233533
0.320217 0.0458613 0.023346
0.340307 0.0457248 0.023335
0.360498 0.0454859 0.0232835
0.380823 0.0452098 0.0232789
0.401373 0.0446828 0.0231999
0.422203 0.0440452 0.0233133
0.443495 0.0432404 0.0234259
0.465403 0.0416216 0.0231278
0.48852 0.0403196 0.0235653
0.514081 0.0359837 0.023361
0.02 0.0485411 0.0247265
0.0389179 0.0524066 0.0249537
0.059321 0.0530477 0.0242102
0.0798348 0.0531768 0.0236463
0.0998077 0.0532274 0.0234746
0.119964 0.0531368 0.023382
0.139994 0.0530529 0.0234197
0.160077 0.052997 0.0234465
0.180118 0.0528771 0.0234442
0.200152 0.0528086 0.0234532
0.220141 0.0527994 0.0234697
0.240142 0.0527857 0.0234832
0.260115 0.052816 0.0235054
0.280125 0.0527963 0.0235099
0.300131 0.0527709 0.0235189
0.320177 0.0526888 0.0235182
0.340256 0.0525521 0.0235133
0.360414 0.0523504 0.0234978
0.380682 0.0520352 0.0234788
0.40113 0.0515721 0.0234612
0.421811 0.0507961 0.0234547
0.442891 0.0498532 0.0235112
0.464312 0.0483497 0.0234249
0.486551 0.0468698 0.0232424
0.509616 0.0439308 0.0228218
0.025962 0.02 0.049865
0.0491175 0.02 0.0511263
0.0692776 0.02 0.0507591
0.0901603 0.02 0.0511429
0.110316 0.02 0.0508319
0.131259 0.02 0.0508555
0.150576 0.02 0.0505208
0.170638 0.02 0.0508831
0.190378 0.02 0.0510136
0.210643 0.02 0.0514156
0.230356 0.02 0.0513102
0.25036 0.02 0.0513553
0.270205 0.02 0.0512581
0.290226 0.02 0.0512271
0.310173 0.02 0.051162
0.330248 0.02 0.0511625
0.350381 0.02 0.0511125
0.370659 0.02 0.0510157
0.391201 0.02 0.0507741
0.412123 0.02 0.0503303
0.433719 0.02 0.0496889
0.456615 0.02 0.0481585
0.480707 0.02 0.0464626
0.508008 0.02 0.0431732
0.0199869 0.02 0.0512752
0.0481397 0.02 0.0572532
0.0687905 0.02 0.0575663
0.0900302 0.02 0.0576302
0.110319 0.02 0.0576379
0.130715 0.02 0.0580587
0.15225 0.02 0.0621674
0.171417 0.02 0.0618617
0.190799 0.02 0.0624585
0.210646 0.02 0.062479
0.230491 0.02 0.0625243
0.250352 0.02 0.0624106
0.270233 0.02 0.0624088
0.290198 0.02 0.0623341
0.310194 0.02 0.0622894
0.330255 0.02 0.062169
0.350372 0.02 0.0620399
0.370654 0.02 0.0618713
0.391122 0.02 0.0614789
0.412129 0.02 0.0610798
0.433545 0.02 0.059844
0.456735 0.02 0.0585098
0.480991 0.02 0.0558713
0.514944 0.02 0.0485778
0.0224852 0.0286595 0.0511683
0.0473148 0.0294865 0.0541805
0.0689073 0.0298061 0.0560095
0.0898145 0.0297841 0.0554826
0.110282 0.0296365 0.0558249
0.130633 0.029566 0.0553387
0.150718 0.0295731 0.0558249
0.170948 0.0294098 0.0563987
0.19063 0.0295212 0.0569642
0.210555 0.0295467 0.0571702
0.230444 0.0294372 0.0572689
0.250317 0.0294575 0.0571674
0.270214 0.0294933 0.057277
0.290197 0.0294849 0.057192
0.310199 0.0294478 0.0572111
0.330288 0.0293159 0.0571182
0.350419 0.0291062 0.0570056
0.370671 0.0288872 0.0568361
0.391236 0.0285165 0.0565605
0.412087 0.0278945 0.0561432
0.43376 0.0270099 0.0552194
0.456632 0.0254135 0.0537943
0.480842 0.0241781 0.0514821
0.512389 0.0253792 0.0456128
0.0238538 0.0334835 0.0473893
0.0490919 0.0352814 0.049735
0.0683105 0.0357746 0.0487613
0.0901733 0.036014 0.0491332
0.110002 0.0356895 0.0487387
0.12996 0.0356462 0.0485802
0.149973 0.0353091 0.0478532
0.170274 0.0348927 0.0477342
0.190329 0.0348689 0.0479998
0.21044 0.0348044 0.0480616
0.230286 0.0347839 0.0481962
0.250274 0.0347396 0.0482033
0.270183 0.0347666 0.0482122
0.290186 0.0347118 0.0481667
0.310184 0.0347015 0.0481746
0.330254 0.0346277 0.0481828
0.350402 0.0345368 0.0482127
0.370621 0.034401 0.0481844
0.391156 0.0341764 0.0481166
0.411925 0.0338551 0.0481048
0.433385 0.0331683 0.0478265
0.45594 0.0321896 0.0476877
0.479731 0.0310283 0.0470148
0.508556 0.0313034 0.0434528
0.0252152 0.0386092 0.0435321
0.0489609 0.0406316 0.0445425
0.0688841 0.0415807 0.0444524
0.0899632 0.0416273 0.0440141
0.109922 0.0415329 0.0441652
0.130054 0.041414 0.0440743
0.150129 0.0412315 0.0438591
0.170243 0.0411654 0.0437763
0.190262 0.0410891 0.0438579
0.210287 0.0410161 0.0440068
0.230224 0.0410571 0.0439979
0.250214 0.0409651 0.0441037
0.27016 0.041009 0.044061
0.290163 0.0409264 0.0440825
0.31017 0.0409335 0.0440337
0.330235 0.0408662 0.0439943
0.350369 0.0408024 0.0439097
0.370598 0.0406636 0.0437857
0.391041 0.0404556 0.0435599
0.411732 0.040157 0.0432691
0.432926 0.0395829 0.0429547
0.454799 0.0389523 0.0425015
0.47788 0.0378161 0.0421226
0.503686 0.0368006 0.0396396
0.0272926 0.0453696 0.0391813
0.0490136 0.0472477 0.0389537
0.0693774 0.0487214 0.038448
0.0897838 0.04877 0.0381943
0.109909 0.0488137 0.0380548
0.129957 0.0487044 0.038048
0.150018 0.0485984 0.0380515
0.170136 0.0484918 0.0380189
0.190175 0.0483937 0.0380605
0.210171 0.0483567 0.0381175
0.230168 0.048375 0.0381467
0.250149 0.0483293 0.0381938
0.270137 0.0483426 0.0382109
0.290136 0.0482851 0.0382166
0.310158 0.0482503 0.0381916
0.330217 0.0481594 0.0381517
0.350339 0.0480355 0.0380737
0.370562 0.0478216 0.0379673
0.390933 0.0474971 0.0377864
0.411548 0.0470312 0.0375071
0.432491 0.04634 0.037168
0.453935 0.0452696 0.0363224
0.476021 0.0440142 0.0358644
0.499574 0.0424704 0.0354117
0.0285429 0.0541073 0.0358321
0.0491286 0.0558348 0.0357613
0.0695412 0.0568098 0.0352768
0.089742 0.0570733 0.0350026
0.109924 0.0571299 0.0349502
0.12995 0.0570636 0.0349338
0.150045 0.0569849 0.0349204
0.170075 0.0568762 0.0349048
0.190131 0.0568113 0.0349143
0.210125 0.0567829 0.0349297
0.230135 0.0567826 0.0349427
0.250112 0.0567567 0.0349708
0.270112 0.0567569 0.0349791
0.29011 0.0567076 0.0349844
0.310132 0.0566529 0.0349763
0.330183 0.0565512 0.0349588
0.350283 0.0563985 0.0349289
0.37047 0.056153 0.0348818
0.390768 0.05577 0.0348119
0.41127 0.0552031 0.0346933
0.432018 0.0543944 0.0345232
0.453123 0.0531219 0.0342973
0.474581 0.051815 0.0339684
0.496571 0.050356 0.0336405
0.0199885 0.02 0.0656544
0.0372359 0.02 0.0683859
0.0582304 0.02 0.0713052
0.0795255 0.02 0.0723474
0.099995 0.02 0.0726088
0.120545 0.02 0.0728679
0.141362 0.02 0.0719926
0.161071 0.02 0.0711328
0.180688 0.02 0.0712129
0.200752 0.02 0.071492
0.220607 0.02 0.0715122
0.240466 0.02 0.0714453
0.260309 0.02 0.0713627
0.280241 0.02 0.0713046
0.300183 0.02 0.0712297
0.320204 0.02 0.0711625
0.340243 0.02 0.0710758
0.360427 0.02 0.0709414
0.380792 0.02 0.0706324
0.40131 0.02 0.0702371
0.422763 0.02 0.0691747
0.444134 0.02 0.067856
0.468608 0.02 0.0649214
0.493148 0.02 0.0611559
0.521598 0.02 0.0566666
0.0199965 0.02 0.0672844
0.0365902 0.02 0.0706817
0.0582751 0.02 0.0742728
0.0794362 0.02 0.075289
0.100062 0.02 0.0755693
0.12058 0.02 0.0758252
0.141874 0.02 0.0747982
0.161612 0.02 0.0734945
0.180824 0.02 0.0731575
0.200795 0.02 0.0734095
0.220628 0.02 0.0734126
0.240467 0.02 0.0733325
0.260314 0.02 0.0732458
0.280238 0.02 0.0731795
0.300182 0.02 0.073102
0.320198 0.02 0.0730292
0.340237 0.02 0.0729389
0.360416 0.02 0.0728039
0.38077 0.02 0.0724968
0.401303 0.02 0.0720943
0.42269 0.02 0.0710477
0.444167 0.02 0.069696
0.468491 0.02 0.066806
0.49383 0.02 0.0625019
0.522283 0.02 0.0572853
0.02 0.0236426 0.0687124
0.0352274 0.0260638 0.0727471
0.0581112 0.0268971 0.0781997
0.0794049 0.0271813 0.0792621
0.100049 0.0272243 0.0795033
0.120451 0.027093 0.0799317
0.141813 0.0264817 0.0794913
