0.0199174 0.0199175 0.02
0.0395501 0.02 0.0199107
0.0598655 0.02 0.0199159
0.0799629 0.02 0.019944
0.100049 0.02 0.0199424
0.120164 0.02 0.0199271
0.140471 0.02 0.0199721
0.16042 0.02 0.0199924
0.180125 0.0198871 0.02
0.200038 0.0198884 0.02
0.220008 0.0198858 0.02
0.240002 0.019886 0.02
0.26 0.0198859 0.02
0.28 0.019886 0.02
0.3 0.019886 0.02
0.32 0.019886 0.02
0.34 0.019886 0.02
0.36 0.019886 0.02
0.38 0.019886 0.02
0.4 0.0198861 0.02
0.42 0.0198861 0.02
0.440003 0.0198878 0.02
0.460001 0.0198885 0.02
0.48009 0.02 0.0199333
0.50001 0.02 0.0200009
0.0199658 0.0276602 0.02
0.0390367 0.0271999 0.02
0.0598994 0.0266628 0.02
0.0799151 0.0266744 0.02
0.100097 0.0266684 0.02
0.120178 0.0266929 0.02
0.140925 0.0270744 0.02
0.160738 0.0278088 0.02
0.180171 0.0281393 0.02
0.200069 0.028189 0.02
0.220012 0.028222 0.02
0.240004 0.0282279 0.02
0.260001 0.0282305 0.02
0.28 0.0282309 0.02
0.3 0.0282311 0.02
0.32 0.0282311 0.02
0.34 0.0282311 0.02
0.36 0.0282312 0.02
0.38 0.0282314 0.02
0.4 0.0282323 0.02
0.42 0.0282347 0.02
0.440009 0.0282507 0.02
0.459999 0.0282811 0.02
0.480239 0.0285934 0.02
0.500023 0.0286206 0.0200007
0.0199598 0.0434538 0.02
0.0389799 0.0445259 0.02
0.0599195 0.0451506 0.02
0.0799114 0.0451713 0.02
0.100101 0.0451721 0.02
0.120164 0.0451114 0.02
0.140962 0.0446379 0.02
0.160758 0.0438593 0.02
0.180158 0.0434865 0.02
0.20007 0.0434385 0.02
0.220012 0.0434087 0.02
0.240005 0.0434038 0.02
0.260001 0.0434016 0.02
0.28 0.0434013 0.02
0.3 0.0434012 0.02
0.32 0.0434011 0.02
0.34 0.0434011 0.02
0.36 0.0434012 0.02
0.38 0.0434013 0.02
0.4 0.0434018 0.02
0.42 0.0434045 0.02
0.440009 0.0434077 0.02
0.459996 0.043441 0.02
0.480254 0.0433478 0.02
0.500024 0.0430594 0.0200003
0.02 0.0600321 0.0200107
0.0397626 0.0605774 0.0200332
0.0599074 0.0608825 0.0200833
0.0799806 0.0609518 0.0201032
0.100029 0.0609496 0.0201026
0.120107 0.0608813 0.0200868
0.140256 0.0606293 0.0200441
0.160219 0.0601709 0.02
0.180074 0.0599187 0.02
0.20002 0.0598673 0.02
0.220004 0.0598512 0.02
0.240001 0.0598484 0.02
0.26 0.0598475 0.02
0.28 0.0598474 0.02
0.3 0.0598474 0.02
0.32 0.0598474 0.02
0.34 0.0598474 0.02
0.36 0.0598474 0.02
0.38 0.0598476 0.02
0.4 0.0598481 0.02
0.42 0.0598501 0.02
0.440001 0.0598535 0.02
0.460002 0.0598653 0.02
0.48003 0.0598223 0.02
0.500006 0.0595717 0.0200001
0.02 0.0784375 0.0200114
0.0399589 0.0786092 0.0200236
0.0599726 0.0786943 0.0200362
0.0799943 0.0787227 0.0200426
0.100008 0.0787225 0.0200426
0.12003 0.0786958 0.0200367
0.140051 0.0786202 0.020024
0.160044 0.0785187 0.02001
0.180019 0.0784558 0.0200024
0.200005 0.0784377 0.0200005
0.220001 0.0784348 0.0200001
0.24 0.0784346 0.0200001
0.26 0.0784347 0.0200001
0.28 0.0784347 0.0200001
0.3 0.0784347 0.0200001
0.32 0.0784347 0.0200001
0.34 0.0784347 0.0200001
0.36 0.0784347 0.0200001
0.38 0.0784349 0.0200001
0.4 0.0784352 0.0200001
0.42 0.0784361 0.0200001
0.44 0.078438 0.0200001
0.46 0.0784395 0.0200001
0.480001 0.0784319 0.02
0.500001 0.0783455 0.02
0.02 0.0979603 0.0200025
0.0399941 0.0980014 0.0200048
0.0599953 0.0980182 0.0200069
0.0799987 0.0980253 0.0200081
0.100002 0.0980254 0.0200081
0.120005 0.0980194 0.020007
0.140008 0.0980055 0.0200047
0.160007 0.0979883 0.0200021
0.180003 0.0979774 0.0200006
0.200001 0.0979739 0.0200001
0.22 0.0979734 0.02
0.24 0.0979735 0.02
0.26 0.0979736 0.02
0.28 0.0979736 0.02
0.3 0.0979736 0.02
0.32 0.0979736 0.02
0.34 0.0979736 0.02
0.36 0.0979736 0.02
0.38 0.0979737 0.02
0.4 0.0979738 0.02
0.42 0.0979741 0.02
0.44 0.0979745 0.02
0.46 0.0979739 0.02
0.48 0.0979694 0.02
0.5 0.0979421 0.02
0.02 0.117833 0.0200004
0.0399993 0.117844 0.0200007
0.0599994 0.117847 0.0200009
0.0799998 0.117848 0.0200011
0.1 0.117848 0.020001
0.120001 0.117847 0.0200009
0.140001 0.117845 0.0200006
0.160001 0.117843 0.0200003
0.18 0.117841 0.0200001
0.2 0.117841 0.02
0.22 0.117841 0.02
0.24 0.117841 0.02
0.26 0.117841 0.02
0.28 0.117841 0.02
0.3 0.117841 0.02
0.32 0.117841 0.02
0.34 0.117841 0.02
0.36 0.117841 0.02
0.38 0.117841 0.02
0.4 0.117841 0.02
0.42 0.117841 0.02
0.44 0.117841 0.02
0.46 0.11784 0.02
0.48 0.117839 0.02
0.5 0.11783 0.02
0.0293408 0.02 0.0302547
0.0495551 0.02 0.0304347
0.0699249 0.02 0.0305443
0.0900055 0.02 0.0305592
0.11011 0.02 0.0305426
0.130444 0.02 0.0304613
0.150665 0.02 0.0302851
0.170376 0.020183 0.0301165
0.190087 0.0203409 0.0300469
0.210029 0.0204152 0.0300295
0.230006 0.0204323 0.0300249
0.250002 0.0204387 0.030024
0.27 0.0204401 0.0300238
0.29 0.0204404 0.0300238
0.31 0.0204405 0.0300238
0.33 0.0204405 0.0300238
0.35 0.0204406 0.0300238
0.37 0.0204407 0.0300238
0.39 0.0204411 0.0300238
0.41 0.0204427 0.0300237
0.430003 0.0204488 0.0300236
0.45 0.0204778 0.0300234
0.470085 0.0206175 0.0300174
0.490097 0.0211196 0.0300076
0.0279849 0.0369371 0.0303947
0.0494545 0.0375301 0.0307273
0.0698801 0.0374598 0.0308585
0.0900097 0.0375303 0.0308817
0.110175 0.0374636 0.030856
0.130603 0.0375213 0.0307632
0.151413 0.0374842 0.0310436
0.170605 0.0369746 0.0306295
0.190127 0.0370492 0.0305928
0.210051 0.0369514 0.0305027
0.23001 0.0369472 0.0304945
0.250004 0.0369392 0.0304876
0.270001 0.0369387 0.030487
0.29 0.0369383 0.0304866
0.31 0.0369383 0.0304866
0.33 0.0369382 0.0304865
0.35 0.0369382 0.0304865
0.37 0.0369383 0.0304865
0.39 0.0369386 0.0304864
0.41 0.0369388 0.0304856
0.430008 0.0369455 0.0304867
0.449993 0.0369349 0.0304657
0.470205 0.037041 0.0305065
0.490243 0.036579 0.0300083
0.0293669 0.0527578 0.0302368
0.0495893 0.0538641 0.0303987
0.0699399 0.0540451 0.0304998
0.0900052 0.0541186 0.0305134
0.110095 0.054039 0.030498
0.130402 0.0538682 0.0304228
0.150619 0.0529153 0.0302443
0.170341 0.0519951 0.0300783
0.190069 0.0517896 0.0300241
0.210025 0.0517164 0.0300175
0.230005 0.0516989 0.0300152
0.250002 0.0516929 0.0300149
0.27 0.0516916 0.0300147
0.29 0.0516913 0.0300147
0.31 0.0516912 0.0300147
0.33 0.0516912 0.0300147
0.35 0.0516912 0.0300147
0.37 0.0516912 0.0300147
0.39 0.0516915 0.0300147
0.41 0.0516924 0.0300147
0.430003 0.0516951 0.0300146
0.449997 0.0516976 0.0300149
0.470086 0.0516913 0.0300109
0.490098 0.0513377 0.0300046
0.0298901 0.0693085 0.0300724
0.0499005 0.0695288 0.0301267
0.0699704 0.0696498 0.0301616
0.0900023 0.0696643 0.0301659
0.110037 0.0696471 0.0301607
0.130106 0.0695527 0.0301331
0.150135 0.0692987 0.0300697
0.170071 0.0690422 0.0300124
0.190021 0.0689732 0.0300035
0.210005 0.0689577 0.0300013
0.230001 0.0689551 0.030001
0.25 0.0689547 0.030001
0.27 0.0689547 0.030001
0.29 0.0689547 0.030001
0.31 0.0689547 0.030001
0.33 0.0689547 0.030001
0.35 0.0689547 0.030001
0.37 0.0689548 0.030001
0.39 0.068955 0.030001
0.41 0.0689558 0.030001
0.43 0.0689581 0.030001
0.45 0.0689623 0.0300009
0.470004 0.0689641 0.030001
0.490004 0.068912 0.0300001
0.0299858 0.0881832 0.0300089
0.049984 0.0882387 0.0300151
0.0699929 0.0882647 0.0300199
0.0900005 0.0882713 0.0300213
0.110008 0.0882653 0.0300199
0.130018 0.0882416 0.0300153
0.150021 0.0881985 0.0300082
0.170013 0.08816 0.0300028
0.190004 0.0881432 0.0300006
0.210001 0.0881399 0.0300001
0.23 0.0881397 0.03
0.25 0.0881398 0.03
0.27 0.0881399 0.03
0.29 0.0881399 0.03
0.31 0.0881399 0.03
0.33 0.0881399 0.03
0.35 0.0881399 0.03
0.37 0.0881399 0.03
0.39 0.0881401 0.03
0.41 0.0881405 0.03
0.43 0.0881412 0.03
0.45 0.088142 0.03
0.47 0.0881399 0.03
0.49 0.0881191 0.03
0.0299984 0.107885 0.0300013
0.0499979 0.107897 0.030002
0.0699989 0.107902 0.0300026
0.0900001 0.107904 0.0300028
0.110001 0.107902 0.0300026
0.130003 0.107899 0.030002
0.150003 0.107892 0.0300011
0.170002 0.107887 0.0300005
0.190001 0.107884 0.0300001
0.21 0.107884 0.03
0.23 0.107884 0.03
0.25 0.107884 0.03
0.27 0.107884 0.03
0.29 0.107884 0.03
0.31 0.107884 0.03
0.33 0.107884 0.03
0.35 0.107884 0.03
0.37 0.107884 0.03
0.39 0.107884 0.03
0.41 0.107884 0.03
0.43 0.107884 0.03
0.45 0.107884 0.03
0.47 0.107882 0.03
0.49 0.107876 0.03
0.0299998 0.127815 0.0300002
0.0499997 0.127818 0.0300003
0.0699998 0.12782 0.0300004
0.09 0.12782 0.0300004
0.11 0.12782 0.0300003
0.13 0.127819 0.0300003
0.15 0.127818 0.0300002
0.17 0.127818 0.0300001
0.19 0.127817 0.03
0.21 0.127817 0.03
0.23 0.127817 0.03
0.25 0.127817 0.03
0.27 0.127817 0.03
0.29 0.127817 0.03
0.31 0.127817 0.03
0.33 0.127817 0.03
0.35 0.127817 0.03
0.37 0.127817 0.03
0.39 0.127817 0.03
0.41 0.127817 0.03
0.43 0.127817 0.03
0.45 0.127817 0.03
0.47 0.127816 0.03
0.49 0.127814 0.03
0.0199578 0.02 0.0403979
0.0395438 0.02 0.0408404
0.0598627 0.02 0.0411459
0.0799622 0.02 0.0411995
0.10005 0.02 0.0411984
0.120168 0.02 0.0411391
0.140475 0.02 0.0408963
0.160425 0.02 0.0404912
0.180122 0.02 0.0402462
0.200038 0.02 0.0401967
0.220007 0.02 0.0401768
0.240002 0.02 0.040173
0.26 0.02 0.0401716
0.28 0.02 0.0401714
0.3 0.02 0.0401713
0.32 0.02 0.0401713
0.34 0.02 0.0401713
0.36 0.02 0.0401713
0.38 0.02 0.0401713
0.4 0.02 0.0401711
0.42 0.02 0.040171
0.440003 0.02 0.0401679
0.46 0.02 0.040169
0.480091 0.02 0.0400893
0.500009 0.02 0.0400033
0.02 0.0276754 0.0408396
0.0390224 0.027235 0.0419176
0.0598927 0.0267202 0.0426404
0.079915 0.0267314 0.0426791
0.100098 0.0267253 0.04268
0.120184 0.0267475 0.0425994
0.140941 0.0271954 0.0420652
0.160787 0.028083 0.0411217
0.180171 0.0285783 0.0405983
0.200073 0.0286449 0.0405183
0.220012 0.0286815 0.0404727
0.240005 0.0286881 0.0404644
0.260001 0.0286909 0.0404609
0.28 0.0286913 0.0404604
0.3 0.0286915 0.0404602
0.32 0.0286915 0.0404602
0.34 0.0286915 0.0404601
0.36 0.0286916 0.0404601
0.38 0.0286918 0.04046
0.4 0.0286926 0.0404597
0.42 0.028695 0.0404596
0.440009 0.0287108 0.0404514
0.459997 0.0287429 0.040457
0.480253 0.0291059 0.0402443
0.500023 0.029143 0.0400082
0.02 0.0437134 0.0409087
0.0388907 0.0448385 0.0421219
0.0599185 0.0454433 0.0429584
0.0799057 0.0454574 0.0429894
0.100107 0.0454582 0.042991
0.120171 0.0454047 0.0429073
0.141037 0.0449805 0.0422975
