0.0199913 0.02 0.0844365
0.0456322 0.02 0.0838132
0.0576391 0.02 0.0984495
0.0828648 0.02 0.0977734
0.0981132 0.02 0.0964434
0.120644 0.02 0.0976338
0.135661 0.02 0.0909805
0.15605 0.02 0.0876814
0.177699 0.02 0.0892751
0.201743 0.02 0.0987817
0.222429 0.02 0.0977374
0.238359 0.02 0.0909915
0.260447 0.02 0.0928167
0.282662 0.02 0.0953112
0.30558 0.02 0.0963071
0.328157 0.02 0.0972652
0.346486 0.02 0.0873345
0.369392 0.02 0.0874167
0.395085 0.02 0.0861474
0.421519 0.02 0.0848215
0.455085 0.02 0.078157
0.476939 0.02 0.0816753
0.517815 0.02 0.086991
0.543828 0.02 0.0670491
0.585236 0.02 0.0706381
0.02 0.0199759 0.0645783
0.0334105 0.02 0.0923362
0.0615304 0.02 0.0840498
0.0786361 0.02 0.0822308
0.102457 0.02 0.0839101
0.121004 0.02 0.0810607
0.1447 0.02 0.0871699
0.165989 0.02 0.0878055
0.186784 0.02 0.0900092
0.203842 0.02 0.0810887
0.222788 0.02 0.0837481
0.247572 0.02 0.0869664
0.269887 0.02 0.0865854
0.289461 0.02 0.0831954
0.309813 0.02 0.0829997
0.329118 0.02 0.08192
0.355677 0.02 0.0885475
0.381122 0.02 0.0858173
0.40663 0.02 0.0855442
0.43366 0.02 0.0836456
0.454125 0.02 0.0924315
0.48978 0.02 0.0788373
0.518835 0.02 0.0641318
0.555973 0.02 0.0836363
0.585755 0.02 0.0706979
0.0199975 0.02 0.0758428
0.0430193 0.02 0.0585153
0.0648415 0.02 0.0620198
0.0798944 0.02 0.0627557
0.100103 0.02 0.0675761
0.119088 0.02 0.060434
0.142127 0.02 0.0673467
0.163467 0.02 0.0635048
0.183395 0.02 0.0686251
0.202055 0.02 0.0593679
0.223178 0.02 0.0663458
0.24282 0.02 0.0672286
0.262919 0.02 0.0689525
0.28453 0.02 0.0628891
0.306136 0.02 0.066953
0.329224 0.02 0.0614493
0.352127 0.02 0.0688179
0.37654 0.02 0.0657381
0.401411 0.02 0.0672811
0.427554 0.02 0.0658725
0.45255 0.02 0.0620163
0.48378 0.02 0.0651608
0.509696 0.02 0.0655734
0.552501 0.02 0.0609413
0.586674 0.02 0.0705763
0.0199898 0.02 0.0607448
0.0428537 0.02 0.0603369
0.0573374 0.02 0.0541686
0.0811095 0.02 0.0558086
0.0987683 0.02 0.051063
0.120795 0.02 0.0536458
0.137682 0.02 0.0518685
0.160645 0.02 0.0546475
0.180282 0.02 0.0494477
0.202339 0.02 0.0536574
0.222254 0.02 0.0507177
0.243425 0.02 0.0531202
0.265586 0.02 0.0525345
0.285339 0.02 0.0562331
0.307868 0.02 0.0534014
0.329421 0.02 0.0563067
0.352791 0.02 0.0547999
0.376736 0.02 0.0601209
0.400952 0.02 0.0589194
0.427346 0.02 0.0599711
0.453216 0.02 0.0575636
0.483076 0.02 0.0598385
0.514926 0.02 0.058325
0.55041 0.02 0.0578546
0.584746 0.02 0.0695941
0.0199945 0.02 0.0604531
0.0367798 0.02 0.0590224
0.0569758 0.02 0.0564647
0.0793561 0.02 0.0567906
0.0996122 0.02 0.0526178
0.120505 0.02 0.0550445
0.139318 0.02 0.0531933
0.161109 0.02 0.0555149
0.180775 0.02 0.0524595
0.202164 0.02 0.0547187
0.222393 0.02 0.0521924
0.24351 0.02 0.0555473
0.265392 0.02 0.0542503
0.285503 0.02 0.0571942
0.30807 0.02 0.0547541
0.329536 0.02 0.0579087
0.352463 0.02 0.057265
0.376537 0.02 0.0603967
0.40072 0.02 0.059384
0.427038 0.02 0.0605881
0.452768 0.02 0.0590628
0.481481 0.02 0.0593144
0.513971 0.02 0.058863
0.545754 0.02 0.0589656
0.580993 0.02 0.0682576
0.0199826 0.02 0.080895
0.0377372 0.0269617 0.0683101
0.0580044 0.0249555 0.0673476
0.079558 0.0251164 0.0682563
0.0997199 0.023268 0.066132
0.120301 0.024605 0.0650649
0.140234 0.0222078 0.0651667
0.160676 0.022515 0.0644144
0.181059 0.0217178 0.0644647
0.201751 0.0229063 0.0640547
0.222881 0.0224267 0.0635591
0.243505 0.020628 0.0652537
0.264575 0.0215206 0.0652385
0.285874 0.022471 0.0649666
0.30775 0.0212332 0.0655672
0.329714 0.0208228 0.0658791
0.352234 0.02 0.0669816
0.375986 0.02 0.0662441
0.400586 0.02 0.0663507
0.426758 0.02 0.0654728
0.452246 0.02 0.0654891
0.480093 0.02 0.0652614
0.510698 0.02 0.0634684
0.540675 0.02 0.0646386
0.575701 0.02 0.0671764
0.02 0.0220764 0.0727639
0.0378431 0.0260405 0.0790076
0.0584152 0.025405 0.0764991
0.0792832 0.0264107 0.0743691
0.0997262 0.025934 0.0722465
0.120079 0.0256148 0.0722954
0.140422 0.025384 0.0704487
0.16111 0.0248604 0.0707949
0.181134 0.0248912 0.0692504
0.201816 0.0245134 0.0708398
0.222754 0.0250607 0.0703025
0.243321 0.0240107 0.0699047
0.264283 0.0246626 0.0703504
0.285473 0.0240035 0.0718125
0.307478 0.0240942 0.071067
0.329311 0.02348 0.0711651
0.352018 0.0231814 0.0705757
0.3755 0.0232129 0.0713116
0.400119 0.0226368 0.0707195
0.425911 0.0221352 0.0698518
0.451531 0.0208359 0.0678405
0.479031 0.02 0.0674172
0.508417 0.02 0.0671849
0.538349 0.02 0.0655268
0.569977 0.02 0.0660856
0.028504 0.02 0.121194
0.0490924 0.02 0.123544
0.0692489 0.02 0.124002
0.0901498 0.02 0.124784
0.110457 0.02 0.12427
0.131741 0.02 0.124556
0.151304 0.02 0.123735
0.171415 0.02 0.123679
0.191663 0.02 0.123877
0.212158 0.02 0.124424
0.232568 0.02 0.123925
0.253216 0.02 0.123455
0.274101 0.02 0.123111
0.295331 0.02 0.122437
0.316901 0.02 0.121705
0.339283 0.02 0.120655
0.362194 0.02 0.119338
0.386355 0.02 0.117838
0.41156 0.02 0.115515
0.438502 0.02 0.112406
0.466291 0.02 0.109144
0.497804 0.02 0.104425
0.529949 0.02 0.0997718
0.56932 0.02 0.0923131
0.0201183 0.02 0.123761
0.0479483 0.02 0.132788
0.0686575 0.02 0.133998
0.0900292 0.02 0.134487
0.110524 0.02 0.134433
0.13125 0.02 0.134838
0.152843 0.02 0.138997
0.172189 0.02 0.138319
0.191888 0.02 0.1388
0.212118 0.02 0.138774
0.232504 0.02 0.138489
0.253046 0.02 0.137934
0.273851 0.02 0.137479
0.295014 0.02 0.136819
0.316673 0.02 0.135985
0.33898 0.02 0.134556
0.36191 0.02 0.132687
0.385832 0.02 0.130577
0.410849 0.02 0.127919
0.437515 0.02 0.124897
0.46532 0.02 0.120858
0.497035 0.02 0.116161
0.529619 0.02 0.110616
0.576877 0.02 0.097816
0.0201521 0.02 0.123256
0.0462649 0.02 0.128769
0.0688214 0.02 0.132358
0.0897208 0.02 0.132073
0.110479 0.02 0.132462
0.131275 0.02 0.131692
0.151479 0.02 0.130985
0.171684 0.02 0.131431
0.191737 0.02 0.132097
0.212062 0.02 0.132453
0.232586 0.02 0.132032
0.253085 0.02 0.131336
0.273904 0.02 0.131139
0.295097 0.02 0.130477
0.316822 0.02 0.129797
0.339219 0.02 0.128357
0.362194 0.02 0.126429
0.386119 0.02 0.124338
0.411305 0.02 0.121809
0.437887 0.02 0.118828
0.465938 0.02 0.115224
0.497292 0.02 0.110679
0.529704 0.02 0.105579
0.574255 0.02 0.0945606
0.0212131 0.02 0.114789
0.0486266 0.02 0.11985
0.0682785 0.02 0.119094
0.090005 0.02 0.120316
0.110123 0.02 0.119197
0.130428 0.02 0.119696
0.15085 0.02 0.117639
0.171095 0.02 0.117163
0.191513 0.02 0.117797
0.212109 0.02 0.118032
0.232737 0.02 0.117622
0.253303 0.02 0.117013
0.274192 0.02 0.116965
0.295518 0.02 0.116309
0.317106 0.02 0.115745
0.339678 0.02 0.114727
0.362502 0.02 0.113625
0.38668 0.02 0.112477
0.411819 0.02 0.110616
0.438562 0.02 0.108268
0.466172 0.02 0.105738
0.497135 0.02 0.102759
0.528539 0.02 0.0993434
0.569673 0.02 0.0922668
0.0234442 0.02 0.108506
0.0477134 0.02 0.110199
0.0685182 0.02 0.108561
0.0896458 0.02 0.109009
0.109752 0.02 0.108544
0.13045 0.02 0.109155
0.150854 0.02 0.108946
0.171326 0.02 0.108636
0.191508 0.02 0.108416
0.212156 0.02 0.108069
0.232726 0.02 0.108232
0.253493 0.02 0.108326
0.274398 0.02 0.107746
0.29587 0.02 0.107191
0.317295 0.02 0.106441
0.339903 0.02 0.106051
0.362608 0.02 0.1055
0.38707 0.02 0.104669
0.412094 0.02 0.102956
0.438737 0.02 0.100523
0.466182 0.02 0.0983658
0.496175 0.02 0.0950695
0.526387 0.02 0.0919349
0.56301 0.02 0.0874836
0.0258555 0.02 0.101817
0.048263 0.02 0.100268
0.0687073 0.02 0.0989441
0.0895282 0.02 0.0975099
0.109596 0.02 0.0975143
0.129756 0.02 0.0971752
0.150463 0.02 0.0976076
0.17149 0.02 0.0971188
0.191867 0.02 0.0969746
0.212164 0.02 0.0961892
0.232556 0.02 0.0966339
0.253736 0.02 0.0972604
0.274751 0.02 0.0967956
0.29612 0.02 0.0963963
0.317526 0.02 0.0958942
0.339863 0.02 0.0956155
0.362864 0.02 0.0951575
0.38734 0.02 0.0943168
0.412324 0.02 0.0928209
0.438574 0.02 0.0908308
0.466051 0.02 0.0890823
0.495202 0.02 0.0858413
0.524602 0.02 0.0830916
0.557238 0.02 0.0811232
0.0271335 0.0214551 0.0962703
0.0484213 0.0220148 0.0952434
0.0686177 0.022276 0.0935616
0.0896157 0.0227803 0.0919952
0.109581 0.0227386 0.091279
0.129882 0.0234086 0.090114
0.150509 0.0233808 0.0906817
0.171419 0.0234866 0.089682
0.191781 0.0230155 0.0889725
0.212167 0.0226171 0.08934
0.232595 0.0228194 0.0891806
0.253738 0.0229948 0.0895144
0.274938 0.0225724 0.0895317
0.296202 0.0220851 0.0900757
0.317665 0.0219155 0.0898743
0.339924 0.0222255 0.0893431
0.363057 0.0222021 0.0891302
0.387283 0.0222035 0.0884991
0.412225 0.0220668 0.0874013
0.438218 0.0217003 0.0857644
0.465329 0.021605 0.0842438
0.493603 0.0212953 0.0823755
0.522743 0.02 0.0805086
0.552909 0.02 0.0786952
0.0203259 0.02 0.141845
0.0367423 0.02 0.145374
0.0579708 0.02 0.149705
0.0793833 0.02 0.151641
0.100082 0.02 0.152228
0.120857 0.02 0.152378
0.141881 0.02 0.15083
0.161642 0.02 0.149199
0.181573 0.02 0.148865
0.201951 0.02 0.149015
0.222282 0.02 0.148855
0.242713 0.02 0.148434
0.263356 0.02 0.147938
0.284295 0.02 0.147361
0.305599 0.02 0.146597
0.327505 0.02 0.145491
0.349992 0.02 0.143895
0.37332 0.02 0.141942
0.397761 0.02 0.139493
0.423277 0.02 0.136601
0.450937 0.02 0.132587
0.479232 0.02 0.128245
0.513104 0.02 0.121419
0.545919 0.02 0.114659
0.584097 0.02 0.106493
0.0203279 0.02 0.143571
0.0361124 0.02 0.147851
0.0579914 0.02 0.152899
0.0792883 0.02 0.154847
0.100145 0.02 0.155486
0.120886 0.02 0.155644
0.14237 0.02 0.153933
0.162187 0.02 0.151809
0.181696 0.02 0.15099
0.201989 0.02 0.151097
0.222289 0.02 0.150917
0.242701 0.02 0.150496
0.26334 0.02 0.149994
0.284267 0.02 0.149404
0.30557 0.02 0.148633
0.327459 0.02 0.147521
0.349939 0.02 0.145929
0.373257 0.02 0.143977
0.397671 0.02 0.141541
0.423187 0.02 0.138658
0.450753 0.02 0.134683
0.479113 0.02 0.130293
0.51278 0.02 0.123482
0.546683 0.02 0.116033
0.584868 0.02 0.107153
0.0203496 0.02 0.145062
0.0347251 0.02 0.149987
0.0577916 0.02 0.157228
0.0792474 0.02 0.159237
0.100125 0.02 0.159852
0.120744 0.02 0.160212
0.142275 0.02 0.159192
