0.0199712 0.02 0.0200418
0.0391642 0.02 0.0200243
0.0596646 0.02 0.0200224
0.0799195 0.02 0.0200371
0.10013 0.02 0.0200381
0.120415 0.02 0.020058
0.141021 0.02 0.0199938
0.160916 0.02 0.0200377
0.180447 0.02 0.0200736
0.200191 0.02 0.020048
0.220072 0.02 0.0200356
0.240025 0.02 0.0200305
0.260009 0.02 0.0200276
0.280003 0.02 0.0200271
0.300001 0.02 0.0200268
0.32 0.02 0.0200268
0.34 0.02 0.0200268
0.360001 0.02 0.0200268
0.380003 0.02 0.0200268
0.400009 0.02 0.0200261
0.420031 0.02 0.0200251
0.440094 0.02 0.0200089
0.460287 0.02 0.0199689
0.480771 0.02 0.02001
0.500978 0.02 0.0200013
0.02 0.0224813 0.020016
0.038632 0.0222836 0.0200175
0.0596949 0.0217106 0.0200133
0.0798839 0.0218195 0.0200174
0.100173 0.0218285 0.0200177
0.120421 0.0217823 0.0200164
0.141522 0.0222123 0.0200242
0.16124 0.0228785 0.0200174
0.180504 0.0231657 0.020012
0.200224 0.0231661 0.0200191
0.220083 0.0231802 0.020026
0.24003 0.0231879 0.0200256
0.26001 0.0231908 0.0200253
0.280003 0.023192 0.0200252
0.300001 0.0231924 0.0200252
0.32 0.0231926 0.0200251
0.34 0.0231927 0.0200251
0.360001 0.0231929 0.0200251
0.380003 0.0231937 0.0200251
0.400011 0.0231958 0.020025
0.420036 0.0232023 0.0200245
0.440119 0.0232161 0.0200229
0.460317 0.0232114 0.0200192
0.481122 0.0236484 0.0200131
0.501346 0.0237888 0.0200092
0.02 0.0388204 0.0199938
0.0384809 0.0404223 0.02
0.0597387 0.0414243 0.02
0.0798831 0.0415101 0.02
0.100171 0.0415079 0.02
0.120356 0.0414315 0.02
0.141549 0.0407488 0.02
0.161276 0.0397561 0.02
0.180456 0.0392011 0.02
0.200206 0.0390718 0.02
0.220079 0.0390092 0.02
0.240029 0.0389839 0.02
0.26001 0.0389742 0.02
0.280003 0.0389704 0.02
0.300001 0.0389692 0.02
0.32 0.0389687 0.02
0.34 0.0389685 0.02
0.360001 0.0389681 0.02
0.380003 0.038967 0.02
0.400011 0.0389634 0.02
0.420035 0.0389514 0.02
0.440116 0.0389073 0.02
0.460294 0.0387923 0.02
0.481187 0.0382308 0.02
0.501424 0.0372103 0.02
0.02 0.0524308 0.0201277
0.0394654 0.0534474 0.0201916
0.0597654 0.0540556 0.020297
0.0799423 0.0542189 0.0203683
0.100087 0.0542207 0.0203709
0.120267 0.0541023 0.0203139
0.140581 0.0536916 0.0202061
0.160544 0.052956 0.0200089
0.180267 0.0524672 0.0200037
0.200113 0.0523097 0.0200023
0.220044 0.0522442 0.020002
0.240015 0.0522173 0.0200019
0.260005 0.0522072 0.0200019
0.280002 0.0522034 0.0200019
0.300001 0.0522021 0.0200019
0.32 0.0522017 0.0200019
0.34 0.0522014 0.0200019
0.36 0.0522011 0.0200019
0.380002 0.0521999 0.0200019
0.400005 0.0521964 0.0200019
0.420018 0.0521832 0.0200018
0.440055 0.0521408 0.0200018
0.460168 0.0520025 0.0200011
0.480431 0.0515273 0.0200013
0.500517 0.0506049 0.020001
0.02 0.0679579 0.0201098
0.0398591 0.0684761 0.0201762
0.0598963 0.0687451 0.0202297
0.0799737 0.0688518 0.020259
0.100039 0.0688558 0.0202604
0.120119 0.0687732 0.0202352
0.140191 0.0685584 0.0201742
0.160184 0.0682613 0.0200965
0.180113 0.0680318 0.0200482
0.200049 0.0679271 0.0200335
0.220019 0.0678893 0.0200299
0.240007 0.0678753 0.0200289
0.260002 0.0678705 0.0200286
0.280001 0.0678689 0.0200285
0.3 0.0678683 0.0200285
0.32 0.0678682 0.0200285
0.34 0.0678681 0.0200285
0.36 0.067868 0.0200285
0.380001 0.0678678 0.0200285
0.400002 0.0678667 0.0200284
0.420006 0.0678618 0.0200281
0.44002 0.0678438 0.0200271
0.460058 0.0677786 0.0200234
0.480109 0.0676099 0.0200168
0.500111 0.0672553 0.0200089
0.02 0.0861995 0.0200363
0.0399683 0.0863701 0.020055
0.0599719 0.0864537 0.0200709
0.0799913 0.0864942 0.0200801
0.100013 0.0864963 0.0200805
0.120036 0.0864636 0.0200719
0.140052 0.0863905 0.0200534
0.160049 0.0862949 0.0200305
0.180032 0.0862203 0.0200149
0.200016 0.0861828 0.0200089
0.220006 0.0861679 0.020007
0.240002 0.0861628 0.0200065
0.260001 0.0861612 0.0200063
0.28 0.0861608 0.0200063
0.3 0.0861606 0.0200063
0.32 0.0861606 0.0200063
0.34 0.0861606 0.0200063
0.36 0.0861606 0.0200063
0.38 0.0861606 0.0200063
0.4 0.0861605 0.0200062
0.420002 0.0861594 0.0200062
0.440005 0.086154 0.0200058
0.460012 0.0861358 0.020005
0.480019 0.0860946 0.0200036
0.500017 0.0859901 0.0200019
0.02 0.105679 0.0200092
0.039993 0.105731 0.0200134
0.0599932 0.105752 0.020017
0.0799978 0.105765 0.0200193
0.100004 0.105766 0.0200194
0.12001 0.105756 0.020017
0.140013 0.105735 0.0200126
0.160013 0.10571 0.0200075
0.180009 0.10569 0.0200037
0.200004 0.105678 0.0200019
0.220002 0.105673 0.0200012
0.240001 0.105671 0.020001
0.26 0.105671 0.0200009
0.28 0.105671 0.0200009
0.3 0.105671 0.0200009
0.32 0.105671 0.0200009
0.34 0.105671 0.0200009
0.36 0.105671 0.0200009
0.38 0.105671 0.0200009
0.4 0.105671 0.0200009
0.42 0.105671 0.0200009
0.440001 0.105669 0.0200008
0.460002 0.105664 0.0200007
0.480003 0.105655 0.0200005
0.500002 0.105623 0.0200003
0.0287854 0.02 0.0313451
0.0491546 0.02 0.0316943
0.0698002 0.02 0.03193
0.0900263 0.02 0.0319686
0.110274 0.02 0.0319406
0.130875 0.02 0.0318179
0.151165 0.02 0.0314632
0.170824 0.02 0.0311422
0.190338 0.02 0.0310041
0.210139 0.02 0.0309452
0.23005 0.02 0.0309227
0.250017 0.02 0.030914
0.270006 0.02 0.0309108
0.290002 0.02 0.0309097
0.310001 0.02 0.0309094
0.33 0.02 0.0309093
0.350001 0.02 0.0309091
0.370002 0.02 0.0309088
0.390006 0.02 0.0309077
0.410021 0.02 0.0309034
0.430064 0.02 0.0308892
0.45019 0.02 0.0308413
0.470655 0.02 0.0306666
0.491108 0.02 0.0304377
0.0255156 0.0342861 0.0319224
0.0491885 0.0349726 0.0327033
0.0697339 0.0349782 0.0329478
0.0900405 0.0350408 0.0329836
0.110336 0.0349809 0.0329449
0.130853 0.0350419 0.0327956
0.15204 0.0353945 0.0340541
0.170995 0.0352426 0.0340759
0.19041 0.0353192 0.0341155
0.210159 0.0352109 0.0339829
0.230065 0.0351717 0.0339381
0.250022 0.0351561 0.0339192
0.270008 0.0351493 0.0339111
0.290003 0.0351469 0.0339083
0.310001 0.035146 0.0339073
0.33 0.0351457 0.0339069
0.350001 0.0351453 0.0339064
0.370003 0.0351445 0.0339054
0.390008 0.0351414 0.0339012
0.41003 0.0351335 0.0338911
0.430078 0.035107 0.0338579
0.450269 0.0349986 0.0337349
0.470848 0.0349233 0.0336392
0.49276 0.0335511 0.0318055
0.0287877 0.0482435 0.0310877
0.0491918 0.0496718 0.0313621
0.0698392 0.0500372 0.0315795
0.0900219 0.0501172 0.0316194
0.110215 0.0500394 0.0315882
0.130733 0.0498656 0.0314462
0.151028 0.0488326 0.0309446
0.170743 0.0477936 0.0305131
0.190252 0.0474866 0.0303751
0.210111 0.047363 0.0303628
0.230042 0.0473045 0.030357
0.250015 0.0472808 0.030355
0.270005 0.0472711 0.0303544
0.290002 0.0472676 0.0303542
0.310001 0.0472664 0.0303541
0.33 0.0472659 0.0303541
0.350001 0.0472654 0.0303541
0.370002 0.0472643 0.030354
0.390005 0.0472603 0.0303539
0.410018 0.0472489 0.0303531
0.430056 0.0472096 0.0303492
0.450151 0.0470975 0.0303406
0.470632 0.0467088 0.0302632
0.491082 0.0454683 0.0302229
0.0297035 0.0606144 0.0304832
0.0497337 0.0611375 0.0306208
0.0698936 0.0614359 0.0307311
0.0900106 0.0614944 0.0307503
0.110127 0.0614507 0.0307354
0.130294 0.0612623 0.0306571
0.150373 0.0607117 0.030421
0.170262 0.0600834 0.0301699
0.190127 0.0598654 0.0301255
0.21005 0.0597768 0.030113
0.230019 0.059742 0.0301095
0.250006 0.0597289 0.0301083
0.270002 0.0597241 0.0301079
0.290001 0.0597224 0.0301077
0.31 0.0597218 0.0301077
0.33 0.0597216 0.0301077
0.35 0.0597215 0.0301077
0.370001 0.0597211 0.0301076
0.390002 0.0597196 0.0301075
0.410007 0.0597149 0.0301069
0.430021 0.0596967 0.0301053
0.450066 0.0596371 0.0300983
0.470169 0.0594375 0.0300839
0.490256 0.0590205 0.0300533
0.0299371 0.0770797 0.030094
0.0499277 0.0772882 0.0301309
0.0699631 0.0774027 0.0301577
0.0900037 0.0774372 0.0301674
0.110046 0.077412 0.0301598
0.13009 0.0773182 0.0301329
0.150107 0.0771428 0.0300848
0.170083 0.0769623 0.0300419
0.190044 0.0768581 0.0300225
0.210018 0.076817 0.0300171
0.230007 0.076802 0.0300156
0.250002 0.0767969 0.0300151
0.270001 0.0767952 0.030015
0.29 0.0767947 0.030015
0.31 0.0767945 0.030015
0.33 0.0767945 0.030015
0.35 0.0767945 0.030015
0.37 0.0767944 0.030015
0.390001 0.0767943 0.030015
0.410002 0.0767931 0.0300149
0.430006 0.0767879 0.0300145
0.450018 0.076768 0.0300134
0.470038 0.0767072 0.0300106
0.49005 0.0765794 0.0300067
0.0299882 0.0959036 0.0300217
0.0499845 0.0959593 0.0300293
0.0699906 0.0959937 0.0300356
0.0900012 0.0960052 0.030038
0.110013 0.0959968 0.0300359
0.130022 0.0959682 0.0300291
0.150026 0.0959236 0.0300192
0.170021 0.0958794 0.0300102
0.190012 0.0958502 0.0300051
0.210005 0.0958366 0.0300031
0.230002 0.0958316 0.0300025
0.250001 0.09583 0.0300023
0.27 0.0958296 0.0300022
0.29 0.0958294 0.0300022
0.31 0.0958294 0.0300022
0.33 0.0958294 0.0300022
0.35 0.0958294 0.0300022
0.37 0.0958295 0.0300022
0.39 0.0958295 0.0300022
0.41 0.0958294 0.0300022
0.430001 0.0958281 0.0300021
0.450003 0.0958228 0.0300019
0.470006 0.095808 0.0300015
0.490007 0.0957783 0.030001
0.0299971 0.115604 0.030006
0.049996 0.115623 0.0300079
0.0699974 0.115633 0.0300095
0.0900004 0.115637 0.0300101
0.110004 0.115634 0.0300095
0.130006 0.115625 0.0300077
0.150007 0.115612 0.0300051
0.170006 0.1156 0.0300028
0.190004 0.115591 0.0300013
0.210002 0.115586 0.0300007
0.230001 0.115584 0.0300004
0.25 0.115584 0.0300004
0.27 0.115584 0.0300003
0.29 0.115584 0.0300003
0.31 0.115584 0.0300003
0.33 0.115584 0.0300003
0.35 0.115584 0.0300003
0.37 0.115584 0.0300003
0.39 0.115584 0.0300003
0.41 0.115584 0.0300003
0.43 0.115584 0.0300003
0.450001 0.115582 0.0300003
0.470001 0.115578 0.0300002
0.490001 0.115568 0.0300002
0.0199688 0.02 0.0423632
0.0391275 0.02 0.0432789
0.0596441 0.02 0.0439097
0.0799145 0.02 0.0440276
0.100135 0.02 0.0440242
0.120425 0.02 0.04394
0.140991 0.02 0.0435248
0.160947 0.02 0.0428811
0.180455 0.02 0.0424404
0.200198 0.02 0.0423066
0.220074 0.02 0.0422459
0.240026 0.02 0.0422227
0.260009 0.02 0.0422139
0.280003 0.02 0.0422105
0.300001 0.02 0.0422093
0.32 0.02 0.0422089
0.34 0.02 0.0422087
0.360001 0.02 0.0422083
0.380003 0.02 0.0422069
0.400009 0.02 0.0422027
0.420032 0.02 0.0421881
0.440097 0.02 0.0421443
0.460285 0.02 0.0420162
0.480834 0.02 0.0414851
0.500998 0.02 0.040759
0.02 0.0225894 0.0435676
0.0385645 0.022404 0.0451769
0.0596577 0.0218522 0.0463176
0.0798747 0.0219448 0.046412
0.100181 0.0219534 0.0464047
0.120443 0.0219137 0.0463173
0.141473 0.0222616 0.0456332
0.161356 0.022918 0.0445575
0.180528 0.0233502 0.0438615
0.200244 0.0233911 0.0437106
0.22009 0.0234288 0.0436262
0.240032 0.0234444 0.0435924
0.260011 0.0234505 0.0435794
0.280004 0.0234528 0.0435744
0.300001 0.0234536 0.0435727
0.32 0.0234539 0.0435721
0.34 0.0234541 0.0435717
0.360001 0.0234544 0.0435711
0.380004 0.0234557 0.0435691
0.400012 0.0234591 0.043563
0.420039 0.0234697 0.0435431
0.440131 0.0234975 0.0434782
0.460323 0.0235259 0.0433306
0.481335 0.0242216 0.0424308
0.501463 0.0246048 0.0411651
0.02 0.0394883 0.0441196
0.0382912 0.0411302 0.0459335
0.0596853 0.0420417 0.0473608
0.0798657 0.0421306 0.0474307
0.100189 0.0421273 0.0474198
0.120398 0.0420563 0.0473451
0.141543 0.0415729 0.0465733
