0.020073 0.02 0.120871
0.0463 0.02 0.120557
0.0580405 0.02 0.13588
0.0834095 0.02 0.134862
0.0987585 0.02 0.133237
0.121478 0.02 0.134314
0.13675 0.02 0.127078
0.157484 0.02 0.123361
0.179572 0.02 0.124886
0.20419 0.02 0.134752
0.225541 0.02 0.133469
0.242091 0.02 0.126278
0.265123 0.02 0.128059
0.288461 0.02 0.130529
0.31277 0.02 0.131357
0.33688 0.02 0.132125
0.356679 0.02 0.12169
0.381468 0.02 0.121471
0.409417 0.02 0.11979
0.438262 0.02 0.118011
0.474885 0.02 0.1107
0.498908 0.02 0.113784
0.543592 0.02 0.118281
0.572506 0.02 0.0976181
0.615855 0.02 0.100765
0.0200735 0.02 0.0993676
0.0335188 0.02 0.12968
0.0621901 0.02 0.120405
0.079347 0.02 0.118375
0.103245 0.02 0.119836
0.121998 0.02 0.116708
0.145953 0.02 0.12293
0.167635 0.02 0.123406
0.188873 0.02 0.125606
0.206454 0.02 0.116078
0.226012 0.02 0.118775
0.251729 0.02 0.12201
0.275093 0.02 0.121519
0.295758 0.02 0.117899
0.317416 0.02 0.117568
0.338043 0.02 0.116304
0.366601 0.02 0.122818
0.394269 0.02 0.119663
0.42204 0.02 0.11899
0.451595 0.02 0.116595
0.473706 0.02 0.125146
0.513139 0.02 0.110629
0.545213 0.02 0.0952275
0.585596 0.02 0.114001
0.616384 0.02 0.100822
0.0200805 0.02 0.111596
0.0439684 0.02 0.0918743
0.0657026 0.02 0.0960858
0.0808491 0.02 0.0966393
0.101037 0.02 0.102173
0.120101 0.02 0.0942469
0.143542 0.02 0.101844
0.165242 0.02 0.0977011
0.185509 0.02 0.103041
0.204711 0.02 0.0933662
0.226485 0.02 0.100615
0.246855 0.02 0.101538
0.267868 0.02 0.103297
0.290623 0.02 0.097057
0.313576 0.02 0.101147
0.338198 0.02 0.0954527
0.362834 0.02 0.102758
0.389318 0.02 0.0993809
0.416373 0.02 0.100625
0.445021 0.02 0.0987883
0.472153 0.02 0.0945243
0.50659 0.02 0.0970304
0.535062 0.02 0.096895
0.581839 0.02 0.0913546
0.617323 0.02 0.100696
0.0200784 0.02 0.0952533
0.0438631 0.02 0.0937837
0.0583451 0.02 0.0877405
0.0820828 0.02 0.0894742
0.0997156 0.02 0.0848408
0.121937 0.02 0.0872716
0.139134 0.02 0.0856763
0.162361 0.02 0.0885383
0.182378 0.02 0.0832901
0.205001 0.02 0.0875388
0.225551 0.02 0.0846208
0.247493 0.02 0.0871083
0.270647 0.02 0.0865502
0.291473 0.02 0.0902897
0.315417 0.02 0.0874029
0.3384 0.02 0.090257
0.36351 0.02 0.0885831
0.389534 0.02 0.0937094
0.415892 0.02 0.0922116
0.444854 0.02 0.0928541
0.472904 0.02 0.090038
0.50584 0.02 0.0917071
0.541017 0.02 0.0894772
0.579634 0.02 0.0882924
0.615358 0.02 0.0997222
0.0200878 0.02 0.0949449
0.0371024 0.02 0.0923908
0.058013 0.02 0.0901311
0.0802895 0.02 0.0904722
0.100552 0.02 0.0864386
0.121636 0.02 0.0886887
0.140777 0.02 0.0870478
0.162833 0.02 0.0894225
0.182881 0.02 0.0863395
0.204822 0.02 0.0886125
0.225694 0.02 0.0861212
0.247584 0.02 0.089567
0.270448 0.02 0.0882842
0.291643 0.02 0.0912659
0.315629 0.02 0.0887685
0.338525 0.02 0.091876
0.363166 0.02 0.0910772
0.389319 0.02 0.0939897
0.415637 0.02 0.092683
0.444509 0.02 0.0934805
0.472403 0.02 0.0915536
0.504014 0.02 0.0912304
0.539937 0.02 0.0900435
0.574656 0.02 0.0894778
0.611522 0.02 0.0984046
0.020076 0.02 0.117047
0.0383735 0.02 0.103803
0.0590695 0.02 0.102012
0.0804699 0.02 0.10317
0.100668 0.02 0.100626
0.121434 0.02 0.0997177
0.141679 0.02 0.0995474
0.162324 0.02 0.098669
0.183161 0.02 0.098719
0.204382 0.02 0.0982761
0.226185 0.02 0.0977342
0.247563 0.02 0.0995061
0.269594 0.02 0.0994875
0.292031 0.02 0.0991826
0.315274 0.02 0.0997335
0.338719 0.02 0.0999456
0.362942 0.02 0.100902
0.388718 0.02 0.0998977
0.415478 0.02 0.0997006
0.444151 0.02 0.0984004
0.471808 0.02 0.0980164
0.50242 0.02 0.0972314
0.536197 0.02 0.0947578
0.569036 0.02 0.0952791
0.606076 0.02 0.0973583
0.0200803 0.02 0.108261
0.0381839 0.02 0.115762
0.0593365 0.02 0.1122
0.0800981 0.02 0.110056
0.100652 0.02 0.107204
0.121116 0.02 0.107505
0.141826 0.02 0.105123
0.162762 0.02 0.10555
0.183219 0.02 0.1037
0.204424 0.02 0.105338
0.226046 0.02 0.104698
0.247372 0.02 0.104288
0.269282 0.02 0.104729
0.291593 0.02 0.106182
0.314975 0.02 0.105329
0.338296 0.02 0.105311
0.362722 0.02 0.104534
0.388173 0.02 0.105041
0.414956 0.02 0.104106
0.443189 0.02 0.10282
0.47101 0.02 0.100393
0.501237 0.02 0.0994177
0.533636 0.02 0.0985409
0.566461 0.02 0.0962261
0.600125 0.02 0.0963184
0.0285347 0.02 0.160004
0.0492147 0.02 0.162344
0.0694793 0.02 0.162697
0.0905101 0.02 0.163362
0.11099 0.02 0.16265
0.132516 0.02 0.162755
0.152396 0.02 0.161695
0.172919 0.02 0.161371
0.19368 0.02 0.161276
0.214779 0.02 0.16157
0.235902 0.02 0.160823
0.257406 0.02 0.160101
0.279297 0.02 0.159474
0.301732 0.02 0.158488
0.324705 0.02 0.157417
0.348711 0.02 0.155993
0.373456 0.02 0.154243
0.399673 0.02 0.152253
0.427069 0.02 0.149388
0.456513 0.02 0.145657
0.486573 0.02 0.141833
0.521764 0.02 0.136207
0.556408 0.02 0.130953
0.599766 0.02 0.12249
0.0201228 0.02 0.162703
0.0480252 0.02 0.171939
0.0688323 0.02 0.173118
0.0903371 0.02 0.173503
0.111006 0.02 0.173273
0.131975 0.02 0.173474
0.153897 0.02 0.177455
0.173664 0.02 0.176434
0.193859 0.02 0.17663
0.21469 0.02 0.176322
0.235784 0.02 0.175756
0.257169 0.02 0.174911
0.278972 0.02 0.17416
0.30132 0.02 0.173173
0.324369 0.02 0.171973
0.348294 0.02 0.170122
0.373034 0.02 0.167785
0.398972 0.02 0.165161
0.42614 0.02 0.16195
0.455195 0.02 0.158313
0.485308 0.02 0.153678
0.520551 0.02 0.148091
0.555866 0.02 0.141866
0.607575 0.02 0.127934
0.0201572 0.02 0.162182
0.0463484 0.02 0.167795
0.0690031 0.02 0.171427
0.0900359 0.02 0.171013
0.110968 0.02 0.171239
0.13201 0.02 0.170225
0.152536 0.02 0.16922
0.173166 0.02 0.169369
0.193721 0.02 0.16977
0.214648 0.02 0.169866
0.23589 0.02 0.169167
0.25723 0.02 0.168185
0.279047 0.02 0.167709
0.301431 0.02 0.166732
0.324557 0.02 0.165694
0.348586 0.02 0.163837
0.373387 0.02 0.161453
0.399338 0.02 0.158855
0.426702 0.02 0.155775
0.455711 0.02 0.152175
0.486047 0.02 0.147989
0.520994 0.02 0.142546
0.556004 0.02 0.136809
0.604867 0.02 0.124697
0.0212334 0.02 0.153354
0.0487652 0.02 0.158473
0.0685372 0.02 0.157557
0.0903948 0.02 0.158654
0.110684 0.02 0.157303
0.131221 0.02 0.157629
0.151977 0.02 0.155226
0.17264 0.02 0.154453
0.19356 0.02 0.15487
0.214766 0.02 0.154889
0.236117 0.02 0.154231
0.257538 0.02 0.153366
0.279434 0.02 0.153083
0.301978 0.02 0.152151
0.324975 0.02 0.151277
0.349213 0.02 0.149889
0.373849 0.02 0.148385
0.400096 0.02 0.146775
0.427422 0.02 0.1444
0.456663 0.02 0.141457
0.48651 0.02 0.138391
0.52105 0.02 0.134545
0.554898 0.02 0.130548
0.600136 0.02 0.122439
0.0234836 0.02 0.146689
0.0479094 0.02 0.148379
0.0688656 0.02 0.146487
0.0901173 0.02 0.146739
0.110385 0.02 0.146034
0.131317 0.02 0.146469
0.152041 0.02 0.14599
0.172938 0.02 0.145409
0.193614 0.02 0.144967
0.214878 0.02 0.144392
0.236166 0.02 0.144366
0.257796 0.02 0.144278
0.279717 0.02 0.143491
0.302416 0.02 0.142703
0.325248 0.02 0.141688
0.349517 0.02 0.140981
0.37403 0.02 0.14007
0.400606 0.02 0.1388
0.427824 0.02 0.136601
0.45696 0.02 0.133603
0.486683 0.02 0.130923
0.520068 0.02 0.126821
0.552824 0.02 0.123094
0.593174 0.02 0.117723
0.0259139 0.02 0.139603
0.0485553 0.02 0.137947
0.0691651 0.02 0.136277
0.09011 0.02 0.134499
0.110319 0.02 0.134275
0.130712 0.02 0.133717
0.151729 0.02 0.133966
0.173177 0.02 0.133247
0.194046 0.02 0.132915
0.214954 0.02 0.131935
0.236055 0.02 0.132224
0.258115 0.02 0.13273
0.280144 0.02 0.132114
0.302755 0.02 0.131534
0.325562 0.02 0.130808
0.349568 0.02 0.130256
0.374375 0.02 0.129473
0.400976 0.02 0.128232
0.428173 0.02 0.126287
0.456852 0.02 0.123785
0.486753 0.02 0.121514
0.519012 0.02 0.117562
0.551083 0.02 0.114205
0.587049 0.02 0.111438
0.0271823 0.02 0.133756
0.0487955 0.02 0.132672
0.0691319 0.02 0.130573
0.090274 0.02 0.128634
0.110345 0.02 0.127652
0.130913 0.02 0.126231
0.151824 0.02 0.126598
0.173161 0.02 0.12537
0.193998 0.02 0.124483
0.214997 0.02 0.124741
0.236129 0.02 0.124423
0.258144 0.02 0.124659
0.280369 0.02 0.124569
0.30287 0.02 0.124996
0.325743 0.02 0.124607
0.349658 0.02 0.123816
0.374648 0.02 0.123298
0.400947 0.02 0.122292
0.428125 0.02 0.120774
0.456515 0.02 0.118659
0.486072 0.02 0.116629
0.517298 0.02 0.114107
0.549104 0.02 0.111643
0.582354 0.02 0.109095
0.0203093 0.02 0.181207
0.0367594 0.02 0.184788
0.0580612 0.02 0.189205
0.0795744 0.02 0.191157
0.100417 0.02 0.191652
0.121392 0.02 0.191623
0.142683 0.02 0.189779
0.162814 0.02 0.187769
0.18324 0.02 0.187043
0.204178 0.02 0.186878
0.225153 0.02 0.18643
0.246349 0.02 0.185721
0.267904 0.02 0.184923
0.289925 0.02 0.184025
0.312511 0.02 0.182904
0.335922 0.02 0.181391
0.360132 0.02 0.179334
0.385386 0.02 0.176872
0.41193 0.02 0.17387
0.439655 0.02 0.170396
0.469771 0.02 0.165735
0.500357 0.02 0.160801
0.538088 0.02 0.152989
0.572933 0.02 0.145733
0.615078 0.02 0.13655
0.0203092 0.02 0.182964
0.0361253 0.02 0.187302
0.0580773 0.02 0.192456
0.0794736 0.02 0.194418
0.100475 0.02 0.194968
0.121411 0.02 0.19495
0.143162 0.02 0.192942
0.163355 0.02 0.19043
0.183358 0.02 0.189208
0.20421 0.02 0.188995
0.225154 0.02 0.188523
0.246329 0.02 0.187813
0.267879 0.02 0.187009
0.289886 0.02 0.186094
0.312472 0.02 0.184963
0.335861 0.02 0.183442
0.360059 0.02 0.181387
0.385298 0.02 0.178926
0.411808 0.02 0.175936
0.439522 0.02 0.172472
0.46954 0.02 0.16785
0.500157 0.02 0.162875
0.537692 0.02 0.155073
0.573696 0.02 0.147108
0.615862 0.02 0.137207
0.0203295 0.02 0.184476
0.0347334 0.02 0.189466
0.0578726 0.02 0.196853
0.0794265 0.02 0.198872
0.100448 0.02 0.1994
0.121258 0.02 0.199588
0.143043 0.02 0.198299
