0.0199987 0.02 0.0880544
0.0456907 0.02 0.087519
0.0576487 0.02 0.102281
0.0828782 0.02 0.101556
0.0981321 0.02 0.100171
0.120681 0.02 0.101351
0.135731 0.02 0.0945966
0.156155 0.02 0.0912128
0.177846 0.02 0.0928103
0.20195 0.02 0.102408
0.222703 0.02 0.101327
0.238694 0.02 0.094498
0.260868 0.02 0.0963298
0.283193 0.02 0.0988387
0.30625 0.02 0.0998235
0.328977 0.02 0.10077
0.347461 0.02 0.0907555
0.370566 0.02 0.0908134
0.396515 0.02 0.0894971
0.423222 0.02 0.0881218
0.457134 0.02 0.0813838
0.479219 0.02 0.0848633
0.520506 0.02 0.0900993
0.546824 0.02 0.0700768
0.588467 0.02 0.073617
0.019998 0.02 0.0679055
0.0333765 0.02 0.0961382
0.0615583 0.02 0.087718
0.07867 0.02 0.0858887
0.102487 0.02 0.0874893
0.121064 0.02 0.0846197
0.144787 0.02 0.0907188
0.166114 0.02 0.0913267
0.186953 0.02 0.0935512
0.204074 0.02 0.0845221
0.223082 0.02 0.0871908
0.247948 0.02 0.0904262
0.270361 0.02 0.0900384
0.290048 0.02 0.0866158
0.310532 0.02 0.0864132
0.329968 0.02 0.0853176
0.35673 0.02 0.0919653
0.38242 0.02 0.0891883
0.408187 0.02 0.088872
0.435499 0.02 0.0869197
0.456147 0.02 0.0956961
0.492212 0.02 0.0819905
0.521589 0.02 0.067211
0.559076 0.02 0.0866453
0.588987 0.02 0.0736764
0.0199937 0.02 0.0793349
0.0430478 0.02 0.061572
0.0648724 0.02 0.0651426
0.079969 0.02 0.0658174
0.100151 0.02 0.0708651
0.119123 0.02 0.0634722
0.142261 0.02 0.0706241
0.163638 0.02 0.0667222
0.183561 0.02 0.0718999
0.202296 0.02 0.0625071
0.223496 0.02 0.0696052
0.243194 0.02 0.070513
0.263374 0.02 0.0722601
0.2851 0.02 0.0661714
0.306847 0.02 0.0702721
0.330087 0.02 0.0647548
0.353161 0.02 0.0721455
0.3778 0.02 0.0690321
0.402919 0.02 0.0705643
0.429341 0.02 0.0691214
0.45458 0.02 0.0652265
0.486147 0.02 0.0683159
0.512337 0.02 0.0686762
0.555579 0.02 0.06395
0.589909 0.02 0.0735542
0.0199896 0.02 0.064026
0.0428909 0.02 0.0634167
0.0573682 0.02 0.0571897
0.0811817 0.02 0.0588148
0.0988118 0.02 0.0541296
0.120877 0.02 0.0566308
0.137829 0.02 0.0549538
0.160784 0.02 0.05776
0.180455 0.02 0.0525616
0.202581 0.02 0.0567634
0.222574 0.02 0.0538717
0.243805 0.02 0.0563182
0.266052 0.02 0.0557579
0.285915 0.02 0.059484
0.308593 0.02 0.0566732
0.330286 0.02 0.059599
0.353829 0.02 0.0580851
0.377999 0.02 0.063399
0.402458 0.02 0.0621851
0.429137 0.02 0.0632119
0.455255 0.02 0.0607677
0.485437 0.02 0.062992
0.517642 0.02 0.0614101
0.553474 0.02 0.0608658
0.587977 0.02 0.0725731
0.019995 0.02 0.0637315
0.0367323 0.02 0.0620985
0.0570095 0.02 0.0595005
0.0794147 0.02 0.0597958
0.0996515 0.02 0.0556939
0.120583 0.02 0.0580315
0.139462 0.02 0.0562949
0.161251 0.02 0.0586322
0.180947 0.02 0.0555843
0.202405 0.02 0.0578276
0.222714 0.02 0.0553539
0.24389 0.02 0.0587548
0.265858 0.02 0.0574786
0.28608 0.02 0.0604496
0.308796 0.02 0.0580296
0.330401 0.02 0.0612055
0.353498 0.02 0.0605582
0.377798 0.02 0.0636757
0.402224 0.02 0.0626509
0.428825 0.02 0.0638304
0.454801 0.02 0.0622695
0.483821 0.02 0.0624716
0.516672 0.02 0.0619511
0.548777 0.02 0.0619858
0.584213 0.02 0.0712387
0.0199847 0.02 0.0844617
0.0377282 0.0262629 0.0716652
0.058045 0.0238303 0.0706784
0.0796314 0.0241048 0.071626
0.0997719 0.0219722 0.0693923
0.120388 0.0235646 0.068407
0.140386 0.0208796 0.0684151
0.16078 0.0212046 0.0676675
0.181228 0.0203745 0.0676981
0.201981 0.0215858 0.0673182
0.223202 0.0210981 0.0667942
0.243882 0.02 0.0685221
0.265037 0.0201988 0.0685239
0.286453 0.021151 0.0682666
0.308469 0.02 0.0688815
0.330579 0.02 0.0692012
0.353269 0.02 0.070304
0.377242 0.02 0.0695399
0.402087 0.02 0.0696328
0.428537 0.02 0.0687222
0.454272 0.02 0.068703
0.482412 0.02 0.0684254
0.513352 0.02 0.0665678
0.543638 0.02 0.067673
0.578902 0.02 0.0701615
0.02 0.0207779 0.0762098
0.0378426 0.0249348 0.0827187
0.0584718 0.024113 0.0800766
0.0793335 0.0251067 0.0779909
0.0997827 0.0246059 0.0756273
0.120139 0.0242883 0.0758158
0.140564 0.0240389 0.0737713
0.161244 0.0235067 0.0741339
0.181301 0.0235301 0.0725323
0.202048 0.0231326 0.0741749
0.223069 0.0237134 0.0735943
0.243696 0.0226905 0.0732069
0.264742 0.0233385 0.073667
0.286045 0.0226672 0.0751503
0.308192 0.02278 0.0744043
0.330172 0.0222362 0.0745062
0.353051 0.0220596 0.0739082
0.376746 0.0221762 0.0746443
0.401613 0.0216067 0.0740119
0.427677 0.0211038 0.0731088
0.453548 0.02 0.0710584
0.481336 0.02 0.0705852
0.511041 0.02 0.0702915
0.541286 0.02 0.0685671
0.57315 0.02 0.0690761
0.0284805 0.02 0.125207
0.0490774 0.02 0.127563
0.0692404 0.02 0.128013
0.0901488 0.02 0.128785
0.110469 0.02 0.128249
0.131777 0.02 0.128516
0.151372 0.02 0.127669
0.171525 0.02 0.127582
0.191824 0.02 0.127748
0.212375 0.02 0.128268
0.23285 0.02 0.12774
0.253578 0.02 0.127241
0.274559 0.02 0.126862
0.295907 0.02 0.126149
0.317618 0.02 0.125374
0.340166 0.02 0.124279
0.363273 0.02 0.122908
0.387662 0.02 0.121346
0.413116 0.02 0.11895
0.440342 0.02 0.115758
0.468399 0.02 0.112421
0.500293 0.02 0.107599
0.532724 0.02 0.102874
0.572524 0.02 0.0953016
0.0200932 0.02 0.127792
0.0479312 0.02 0.136857
0.0686464 0.02 0.138072
0.0900262 0.02 0.138555
0.110534 0.02 0.138485
0.131284 0.02 0.13887
0.15291 0.02 0.143015
0.172296 0.02 0.142297
0.192042 0.02 0.142748
0.212328 0.02 0.142691
0.232778 0.02 0.142373
0.253398 0.02 0.141783
0.274297 0.02 0.141292
0.295576 0.02 0.140591
0.317374 0.02 0.13971
0.339849 0.02 0.138226
0.362972 0.02 0.136295
0.387118 0.02 0.134117
0.412381 0.02 0.131385
0.439319 0.02 0.128279
0.467393 0.02 0.124159
0.499476 0.02 0.119357
0.532368 0.02 0.11373
0.580114 0.02 0.100797
0.0201269 0.02 0.127285
0.0462478 0.02 0.132819
0.0688106 0.02 0.136424
0.0897179 0.02 0.136129
0.11049 0.02 0.136504
0.131308 0.02 0.135707
0.151545 0.02 0.134965
0.171792 0.02 0.135378
0.191893 0.02 0.136017
0.212274 0.02 0.136346
0.232863 0.02 0.135892
0.25344 0.02 0.13516
0.274354 0.02 0.13493
0.295663 0.02 0.134229
0.317529 0.02 0.133503
0.340094 0.02 0.13201
0.363265 0.02 0.130024
0.387415 0.02 0.127865
0.412849 0.02 0.125262
0.439708 0.02 0.122197
0.468027 0.02 0.118514
0.499754 0.02 0.113865
0.532459 0.02 0.108689
0.57748 0.02 0.097544
0.0211863 0.02 0.118761
0.0486121 0.02 0.123844
0.0682717 0.02 0.123072
0.0900053 0.02 0.124281
0.110136 0.02 0.123134
0.130464 0.02 0.123613
0.150921 0.02 0.121507
0.17121 0.02 0.120997
0.191677 0.02 0.121612
0.212331 0.02 0.121826
0.233026 0.02 0.121384
0.253672 0.02 0.120742
0.274657 0.02 0.120668
0.296103 0.02 0.11998
0.317832 0.02 0.119378
0.340575 0.02 0.118315
0.363592 0.02 0.117165
0.387999 0.02 0.115961
0.413387 0.02 0.114032
0.440413 0.02 0.111608
0.468286 0.02 0.109008
0.499619 0.02 0.105933
0.531302 0.02 0.102449
0.572878 0.02 0.0952548
0.0234171 0.02 0.112421
0.0477031 0.02 0.114129
0.0685182 0.02 0.112462
0.0896511 0.02 0.112884
0.109769 0.02 0.112386
0.130492 0.02 0.112974
0.15093 0.02 0.112726
0.171447 0.02 0.112383
0.191679 0.02 0.112139
0.212388 0.02 0.111765
0.233025 0.02 0.111905
0.253872 0.02 0.111979
0.274875 0.02 0.111376
0.296469 0.02 0.110795
0.318035 0.02 0.110016
0.340812 0.02 0.10959
0.363709 0.02 0.109001
0.388405 0.02 0.108119
0.41368 0.02 0.106344
0.440603 0.02 0.10384
0.468316 0.02 0.101617
0.498659 0.02 0.0982324
0.529154 0.02 0.0950319
0.566181 0.02 0.0904781
0.0258266 0.02 0.105676
0.048265 0.02 0.104132
0.0687162 0.02 0.102762
0.0895439 0.02 0.101273
0.109621 0.02 0.10124
0.129807 0.02 0.100867
0.150548 0.02 0.101267
0.171618 0.02 0.100747
0.192046 0.02 0.100587
0.212406 0.02 0.0997781
0.232866 0.02 0.100201
0.254127 0.02 0.100817
0.27524 0.02 0.100338
0.296734 0.02 0.0999224
0.318279 0.02 0.0993971
0.340784 0.02 0.0990921
0.363977 0.02 0.0986025
0.38869 0.02 0.0977181
0.413925 0.02 0.0961673
0.440448 0.02 0.0941171
0.468202 0.02 0.0923093
0.49768 0.02 0.0889923
0.527371 0.02 0.0861789
0.560364 0.02 0.0841256
0.0270948 0.0202431 0.100089
0.048437 0.0207805 0.0990794
0.0686298 0.0210113 0.0973365
0.0896452 0.0215096 0.0957085
0.109606 0.0214588 0.0949437
0.129948 0.0221012 0.0937401
0.150601 0.0221073 0.0942596
0.171553 0.0221948 0.093227
0.191963 0.0216933 0.0925036
0.212418 0.0213019 0.0928622
0.232913 0.0215469 0.0926749
0.254135 0.0217293 0.093002
0.275434 0.0213006 0.0930134
0.296823 0.0208269 0.0935536
0.318426 0.0206744 0.0933365
0.340851 0.0210471 0.0927811
0.36418 0.0210963 0.0925411
0.388639 0.0211481 0.0918701
0.413834 0.0210284 0.0907246
0.440096 0.0206838 0.0890357
0.467483 0.0206204 0.0874605
0.496071 0.0203711 0.085525
0.525499 0.02 0.083597
0.555996 0.02 0.081706
0.0203032 0.02 0.145939
0.0367225 0.02 0.149479
0.0579565 0.02 0.153831
0.0793755 0.02 0.15578
0.100085 0.02 0.156364
0.120877 0.02 0.156498
0.141925 0.02 0.154917
0.161721 0.02 0.153241
0.181699 0.02 0.152862
0.202129 0.02 0.152978
0.222518 0.02 0.152786
0.243018 0.02 0.152331
0.263746 0.02 0.151798
0.284789 0.02 0.151181
0.306218 0.02 0.150372
0.328276 0.02 0.149213
0.350944 0.02 0.147556
0.374483 0.02 0.145535
0.399162 0.02 0.143011
0.424933 0.02 0.140038
0.452875 0.02 0.135935
0.481438 0.02 0.131513
0.515711 0.02 0.124572
0.548773 0.02 0.117749
0.587373 0.02 0.109467
0.0203053 0.02 0.147669
0.0360926 0.02 0.151962
0.0579771 0.02 0.157034
0.0792805 0.02 0.158994
0.100148 0.02 0.159631
0.120904 0.02 0.159774
0.142413 0.02 0.158031
0.162266 0.02 0.15586
0.181822 0.02 0.154994
0.202166 0.02 0.155066
0.222524 0.02 0.154853
0.243005 0.02 0.154398
0.263729 0.02 0.153859
0.284759 0.02 0.153229
0.306188 0.02 0.152412
0.328229 0.02 0.151247
0.350889 0.02 0.149593
0.374417 0.02 0.147573
0.399069 0.02 0.145062
0.424838 0.02 0.142098
0.452686 0.02 0.138035
0.481311 0.02 0.133565
0.515376 0.02 0.126639
0.549537 0.02 0.119123
0.588146 0.02 0.110127
0.0203271 0.02 0.149164
0.0347052 0.02 0.154102
0.0577775 0.02 0.161373
0.0792396 0.02 0.163394
0.100128 0.02 0.164008
0.120762 0.02 0.164353
0.142316 0.02 0.163305
