0.0199988 0.02 0.050895
0.0460667 0.02 0.0514851
0.0579199 0.02 0.0631584
0.083311 0.02 0.062866
0.0983683 0.02 0.0619243
0.121226 0.02 0.0630219
0.135802 0.02 0.0581926
0.156422 0.02 0.0560008
0.176294 0.02 0.0567647
0.200154 0.02 0.0646692
0.220646 0.02 0.0638711
0.236686 0.02 0.0587271
0.257098 0.02 0.0598033
0.278526 0.02 0.0625018
0.300556 0.02 0.0632643
0.32214 0.02 0.0641562
0.339055 0.02 0.0564541
0.359439 0.02 0.0567348
0.382903 0.02 0.055862
0.406376 0.02 0.0551769
0.436272 0.02 0.0497921
0.455919 0.02 0.0535025
0.491906 0.02 0.0590136
0.514503 0.02 0.0402711
0.553472 0.02 0.0443453
0.0199808 0.02 0.040424
0.0341091 0.02 0.0581407
0.0620924 0.02 0.0519331
0.0792476 0.02 0.050207
0.102567 0.02 0.0516476
0.121346 0.02 0.0505964
0.144747 0.02 0.0552356
0.164595 0.02 0.0562701
0.185532 0.02 0.0576206
0.202359 0.02 0.0510737
0.220973 0.02 0.0525806
0.245112 0.02 0.0562205
0.265984 0.02 0.0551646
0.285125 0.02 0.0527437
0.304205 0.02 0.0521826
0.322714 0.02 0.0519082
0.34705 0.02 0.0573133
0.369823 0.02 0.0556812
0.393019 0.02 0.0555329
0.416997 0.02 0.05461
0.435724 0.02 0.0622114
0.466926 0.02 0.0508514
0.491265 0.02 0.0378328
0.525627 0.02 0.0569136
0.553978 0.02 0.0444062
0.0199568 0.02 0.0443634
0.0443257 0.02 0.0342419
0.0645254 0.02 0.0366682
0.0803988 0.02 0.0377933
0.100317 0.02 0.0390139
0.118769 0.02 0.0364249
0.141593 0.02 0.0400419
0.16249 0.02 0.0386244
0.182341 0.02 0.0411007
0.200959 0.02 0.0356482
0.220542 0.02 0.037744
0.240138 0.02 0.0407061
0.260219 0.02 0.040777
0.280459 0.02 0.0372603
0.300889 0.02 0.038426
0.322065 0.02 0.0359301
0.343525 0.02 0.0411185
0.365827 0.02 0.0388587
0.388041 0.02 0.0387326
0.411268 0.02 0.0390124
0.434108 0.02 0.0357838
0.462063 0.02 0.0386694
0.485955 0.02 0.0380686
0.521788 0.02 0.0351589
0.554872 0.02 0.0442901
0.0199989 0.02 0.0368507
0.0440562 0.02 0.035709
0.0595818 0.02 0.0314969
0.0817718 0.02 0.032652
0.0994175 0.02 0.030388
0.120504 0.02 0.0312802
0.138029 0.02 0.0303937
0.159882 0.02 0.031925
0.180007 0.02 0.0280766
0.201407 0.02 0.0313508
0.220282 0.02 0.030416
0.240408 0.02 0.0298963
0.261972 0.02 0.0303617
0.281254 0.02 0.0322721
0.301855 0.02 0.0307406
0.322154 0.02 0.0316363
0.34404 0.02 0.0300693
0.366066 0.02 0.0339959
0.387924 0.02 0.0338772
0.411048 0.02 0.0336388
0.434675 0.02 0.0314677
0.461409 0.02 0.0335062
0.488452 0.02 0.0331938
0.519949 0.02 0.032311
0.552986 0.02 0.0433103
0.02 0.0219558 0.0364595
0.0379177 0.0243081 0.034559
0.0591717 0.0236707 0.0331136
0.0798351 0.0248253 0.0333307
0.100082 0.0245222 0.0314008
0.120196 0.0234868 0.0323747
0.139476 0.0241661 0.0313933
0.160366 0.0237286 0.0325694
0.180481 0.0246764 0.0306506
0.201185 0.0228007 0.0321574
0.220381 0.0228444 0.031515
0.24056 0.0241939 0.0318333
0.261799 0.0238461 0.0317124
0.281404 0.0221376 0.0330233
0.301994 0.0227632 0.0317667
0.322296 0.0225506 0.0329829
0.34375 0.0239229 0.0321873
0.365881 0.0213078 0.0342348
0.387768 0.0207405 0.0343092
0.410776 0.020603 0.0342108
0.43428 0.021544 0.0328997
0.459999 0.0200547 0.0329669
0.48771 0.02 0.0337553
0.515904 0.02 0.0335103
0.549328 0.02 0.0419866
0.02 0.0318322 0.0495789
0.0387562 0.0343545 0.0420988
0.0589292 0.0339143 0.040433
0.0798149 0.034426 0.0413301
0.100032 0.0341255 0.0394644
0.120138 0.0336878 0.0393461
0.140065 0.0335963 0.0391781
0.160503 0.0329993 0.0388717
0.180578 0.0331775 0.0389323
0.200717 0.0329488 0.0383344
0.220677 0.0332979 0.0379741
0.240726 0.0326965 0.039377
0.261198 0.0329353 0.039154
0.281346 0.0324005 0.0386725
0.301924 0.0327118 0.0387148
0.322546 0.0319167 0.0390249
0.343583 0.0320266 0.0398194
0.365425 0.0306562 0.0392733
0.38762 0.030239 0.0390182
0.410668 0.0294629 0.038744
0.433846 0.0292289 0.0388934
0.458758 0.0281134 0.038584
0.485464 0.027532 0.0373323
0.512054 0.0263378 0.0386637
0.544217 0.0227531 0.0409279
0.02 0.0349315 0.0442091
0.0386922 0.0379645 0.0469862
0.0589375 0.0381976 0.04531
0.0796339 0.038836 0.0437822
0.0999423 0.038484 0.0435325
0.120111 0.0381994 0.0430293
0.140157 0.0379547 0.0429658
0.160483 0.0374369 0.0428315
0.180504 0.03742 0.0423324
0.200522 0.0373369 0.0425919
0.220632 0.0374881 0.0428291
0.24072 0.0370459 0.0426097
0.260982 0.0371689 0.0428952
0.281232 0.0368069 0.0430087
0.301821 0.036912 0.0429545
0.322488 0.036304 0.0426397
0.343436 0.0361431 0.042768
0.365043 0.0352432 0.0427613
0.38723 0.0347338 0.0425872
0.410159 0.0339016 0.0418882
0.433219 0.0333946 0.0409392
0.45781 0.0323645 0.0405478
0.483608 0.0316046 0.0403313
0.509882 0.0303096 0.0392628
0.538703 0.0283001 0.0398686
0.0283896 0.02 0.0826006
0.0490742 0.02 0.0848115
0.0693107 0.02 0.0851999
0.090197 0.02 0.0858697
0.110448 0.02 0.08552
0.131594 0.02 0.0859241
0.150927 0.02 0.0854459
0.170726 0.02 0.0856051
0.190688 0.02 0.0858899
0.210832 0.02 0.0866122
0.230814 0.02 0.0864065
0.250873 0.02 0.086223
0.27102 0.02 0.0861804
0.291351 0.02 0.085954
0.311815 0.02 0.0857227
0.332769 0.02 0.0852526
0.353824 0.02 0.0846459
0.375684 0.02 0.0840422
0.398286 0.02 0.0827223
0.42212 0.02 0.0807484
0.446814 0.02 0.0785101
0.474333 0.02 0.0751081
0.503176 0.02 0.0715868
0.538035 0.02 0.0656985
0.0200123 0.02 0.0847949
0.0477833 0.02 0.0931166
0.0685781 0.02 0.0942202
0.0899801 0.02 0.0946477
0.11043 0.02 0.0947191
0.131032 0.02 0.0952824
0.15242 0.02 0.0995434
0.171535 0.02 0.0992026
0.190978 0.02 0.0998532
0.210878 0.02 0.100032
0.230847 0.02 0.100016
0.250841 0.02 0.0997612
0.270954 0.02 0.0996346
0.29124 0.02 0.0993901
0.311792 0.02 0.0990755
0.332659 0.02 0.0983057
0.353777 0.02 0.0972305
0.375461 0.02 0.0960675
0.397889 0.02 0.0944702
0.421546 0.02 0.0926095
0.446221 0.02 0.0897315
0.474026 0.02 0.0864292
0.503199 0.02 0.0821505
0.545332 0.02 0.071224
0.0200488 0.02 0.0843397
0.0461462 0.02 0.0894546
0.0687611 0.02 0.0927077
0.0896934 0.02 0.0924313
0.110399 0.02 0.0929039
0.131076 0.02 0.0923652
0.151077 0.02 0.0919904
0.171027 0.02 0.0926901
0.190806 0.02 0.0935129
0.210794 0.02 0.0940579
0.23089 0.02 0.0938941
0.25083 0.02 0.0934882
0.270945 0.02 0.0936135
0.29125 0.02 0.0933854
0.31186 0.02 0.0932316
0.332821 0.02 0.0924157
0.353956 0.02 0.0912457
0.37562 0.02 0.0900876
0.398189 0.02 0.0886175
0.421727 0.02 0.0868086
0.446644 0.02 0.084324
0.474091 0.02 0.0811393
0.503177 0.02 0.0772189
0.54279 0.02 0.06798
0.0212885 0.0215983 0.0769853
0.0486908 0.0225204 0.0816075
0.0684387 0.0240319 0.080917
0.0901105 0.0234907 0.0818977
0.110172 0.0232044 0.0810637
0.130339 0.0226884 0.0815899
0.150509 0.0216891 0.0800951
0.170357 0.0210745 0.0798467
0.190518 0.0213124 0.0804322
0.210711 0.021742 0.080839
0.230921 0.0214384 0.0808016
0.250846 0.0212182 0.0804868
0.270991 0.0214764 0.0806602
0.291386 0.0215683 0.0804562
0.311893 0.0216841 0.0803596
0.333016 0.0213915 0.0798743
0.353973 0.0214192 0.0793949
0.375809 0.0215722 0.0791112
0.398389 0.02138 0.0781729
0.422051 0.0212332 0.0768537
0.446603 0.0210097 0.0752483
0.473703 0.0204674 0.0734581
0.501908 0.02 0.071122
0.53837 0.0209192 0.0656584
0.0236366 0.0252442 0.0717296
0.0480112 0.0270985 0.0731792
0.0688532 0.0278465 0.0718041
0.0899246 0.0279713 0.0720627
0.109991 0.027583 0.0717898
0.130448 0.0278024 0.0721442
0.150592 0.0264882 0.0723028
0.170469 0.0262651 0.0722158
0.190484 0.026619 0.0720769
0.210609 0.0269973 0.072124
0.230862 0.0265531 0.0724486
0.250828 0.0260024 0.0726802
0.270999 0.0264022 0.0724353
0.291459 0.0263456 0.0724135
0.311909 0.0263618 0.0720958
0.333072 0.0260809 0.0719579
0.353893 0.0257346 0.0719248
0.375905 0.0257548 0.0719861
0.398447 0.0255153 0.0711437
0.422018 0.0251695 0.0696578
0.446364 0.0250114 0.0683135
0.472702 0.0246509 0.0661122
0.499723 0.0239363 0.0640128
0.532055 0.0251815 0.0608729
0.0262059 0.0300939 0.0661568
0.0486622 0.0316207 0.0647013
0.0691801 0.032744 0.0640323
0.0899033 0.0327864 0.0630336
0.10999 0.0326209 0.0630582
0.130157 0.0325969 0.0624298
0.150268 0.0321578 0.0631701
0.170459 0.0322836 0.0629424
0.190607 0.0320368 0.0626425
0.210547 0.0321016 0.0627251
0.230682 0.0320668 0.062962
0.250806 0.03196 0.0634331
0.271113 0.03172 0.0632229
0.291476 0.0316108 0.0634452
0.311956 0.0315423 0.0632303
0.332941 0.0312908 0.0629708
0.353888 0.0310529 0.0630739
0.375912 0.0310969 0.0629943
0.398441 0.0307416 0.0621881
0.421744 0.0301515 0.0610443
0.446031 0.0299444 0.0599441
0.4718 0.029244 0.0575489
0.497803 0.0275021 0.0555666
0.526628 0.0277914 0.0545327
0.0276678 0.0361167 0.0616116
0.0488071 0.0372205 0.0606449
0.0692286 0.0378583 0.0597447
0.089916 0.0381656 0.0589155
0.110056 0.0378875 0.0587062
0.130159 0.0378351 0.0582895
0.150251 0.0375511 0.0583237
0.170459 0.0376419 0.0577042
0.190577 0.0373818 0.0579313
0.210523 0.037364 0.0581901
0.230621 0.0373586 0.0580693
0.250774 0.0372719 0.0580826
0.271143 0.0370096 0.0584089
0.291438 0.0368749 0.058689
0.311977 0.0367421 0.058511
0.332817 0.0364776 0.0582334
0.3539 0.0362025 0.0582873
0.37576 0.0360034 0.0581358
0.398223 0.0356018 0.0575557
0.421316 0.0349766 0.056642
0.445325 0.034658 0.0557108
0.470413 0.0338431 0.0544383
0.496064 0.0320704 0.0530643
0.52263 0.0316273 0.0520315
0.0200383 0.02 0.101535
0.0364421 0.02 0.104946
0.0577381 0.02 0.109062
0.0792211 0.02 0.110853
0.0999297 0.02 0.111461
0.120643 0.02 0.111768
0.141552 0.02 0.110582
0.161133 0.02 0.1094
0.180824 0.02 0.109425
0.20092 0.02 0.109797
0.220894 0.02 0.10987
0.240863 0.02 0.10972
0.260907 0.02 0.109529
0.281084 0.02 0.109322
0.301422 0.02 0.109027
0.322086 0.02 0.108509
0.342974 0.02 0.107645
0.364277 0.02 0.10658
0.386266 0.02 0.105178
0.409001 0.02 0.103424
0.433457 0.02 0.100666
0.458586 0.02 0.097502
0.488299 0.02 0.0922628
0.518117 0.02 0.0866038
0.552142 0.02 0.0799055
0.0200289 0.02 0.103168
0.0357968 0.02 0.10731
0.0577449 0.02 0.112124
0.0791131 0.02 0.113929
0.099982 0.02 0.114586
0.120664 0.02 0.114898
0.142036 0.02 0.113557
0.161677 0.02 0.111908
0.180951 0.02 0.111476
0.200964 0.02 0.11181
0.22091 0.02 0.111862
0.240864 0.02 0.111711
0.260906 0.02 0.111516
0.281073 0.02 0.111296
0.301412 0.02 0.110996
0.322061 0.02 0.110475
0.342943 0.02 0.109619
0.364239 0.02 0.10856
0.38621 0.02 0.107171
0.408953 0.02 0.105423
0.433328 0.02 0.102704
0.458546 0.02 0.0994917
0.488076 0.02 0.094262
0.518864 0.02 0.0879692
0.552878 0.02 0.0805702
0.0200398 0.02 0.104578
0.0343974 0.02 0.109355
0.0575277 0.02 0.116269
0.0790592 0.02 0.11817
0.0999508 0.02 0.118806
0.120514 0.02 0.119314
0.141942 0.02 0.11862
