0.0199683 0.02 0.0626507
0.0457665 0.02 0.062068
0.057975 0.02 0.0751824
0.0832073 0.02 0.0748247
0.0983671 0.02 0.0737966
0.12109 0.02 0.0749046
0.135682 0.02 0.0695186
0.155948 0.02 0.0666927
0.176829 0.02 0.0680434
0.200537 0.02 0.0763669
0.221059 0.02 0.0756487
0.237092 0.02 0.069669
0.257983 0.02 0.0712908
0.279648 0.02 0.0737933
0.30195 0.02 0.0748045
0.323747 0.02 0.0757457
0.341076 0.02 0.0670544
0.362579 0.02 0.0670768
0.386669 0.02 0.0661703
0.411351 0.02 0.0651038
0.442585 0.02 0.0591496
0.462936 0.02 0.0628118
0.500955 0.02 0.0684836
0.524884 0.02 0.049256
0.564628 0.02 0.0530015
0.019983 0.02 0.0463329
0.0337306 0.02 0.0696165
0.0618285 0.02 0.0625015
0.0789279 0.02 0.0608276
0.102649 0.02 0.0627783
0.121199 0.02 0.0605309
0.144364 0.02 0.0663399
0.165333 0.02 0.0669989
0.185998 0.02 0.0689267
0.202671 0.02 0.0609011
0.221396 0.02 0.0633119
0.245604 0.02 0.0666395
0.267246 0.02 0.0660346
0.286176 0.02 0.0628289
0.305857 0.02 0.0627815
0.324463 0.02 0.0617569
0.349451 0.02 0.0680678
0.373534 0.02 0.0656744
0.397373 0.02 0.0657364
0.422475 0.02 0.0641586
0.441825 0.02 0.072763
0.474734 0.02 0.0602206
0.5015 0.02 0.0461649
0.536305 0.02 0.0658047
0.565138 0.02 0.0530623
0.0199869 0.02 0.0554827
0.0434807 0.02 0.0413898
0.0650522 0.02 0.044546
0.0800916 0.02 0.0454786
0.10024 0.02 0.0487056
0.119058 0.02 0.0436864
0.141917 0.02 0.0490629
0.162523 0.02 0.0460839
0.182755 0.02 0.0502078
0.20109 0.02 0.0428867
0.221471 0.02 0.047851
0.240943 0.02 0.0489537
0.260591 0.02 0.0502226
0.281602 0.02 0.0450568
0.302127 0.02 0.0481274
0.324284 0.02 0.0434975
0.346039 0.02 0.0499431
0.369112 0.02 0.0470757
0.392439 0.02 0.0484441
0.416747 0.02 0.0472983
0.440172 0.02 0.0435151
0.469229 0.02 0.0467901
0.493317 0.02 0.0473853
0.532883 0.02 0.0433542
0.56604 0.02 0.0529438
0.0199847 0.02 0.0427563
0.0432704 0.02 0.0429907
0.0578167 0.02 0.0376938
0.0813138 0.02 0.0394881
0.0990066 0.02 0.0350906
0.120584 0.02 0.0378015
0.137335 0.02 0.0356615
0.160206 0.02 0.0386789
0.179713 0.02 0.0333474
0.201371 0.02 0.0378672
0.220623 0.02 0.0346964
0.241398 0.02 0.0364984
0.263243 0.02 0.0357281
0.282279 0.02 0.0393182
0.30375 0.02 0.0360421
0.324427 0.02 0.0387539
0.346663 0.02 0.0365985
0.369297 0.02 0.0418496
0.392002 0.02 0.0403587
0.416558 0.02 0.0416012
0.440795 0.02 0.0391545
0.468574 0.02 0.0415273
0.497907 0.02 0.040433
0.530914 0.02 0.0403071
0.564142 0.02 0.0519604
0.0199973 0.02 0.0424826
0.0374508 0.02 0.0417472
0.0574532 0.02 0.0398496
0.0796094 0.0202067 0.0403934
0.0998522 0.020512 0.036604
0.120303 0.02 0.0391013
0.139026 0.02 0.0369009
0.160626 0.02 0.0394794
0.180215 0.0202157 0.0362335
0.201207 0.02 0.0388484
0.220751 0.02 0.036137
0.241486 0.02 0.0387937
0.263045 0.02 0.0373806
0.282426 0.02 0.0401979
0.30394 0.02 0.0373387
0.324536 0.02 0.0402699
0.34634 0.02 0.038948
0.369117 0.02 0.0421136
0.391781 0.02 0.0408097
0.41628 0.02 0.0422022
0.440376 0.02 0.0406186
0.46712 0.02 0.0409899
0.497054 0.02 0.0409516
0.526578 0.02 0.0413809
0.560458 0.02 0.0506235
0.02 0.0276897 0.0597262
0.0383326 0.0311143 0.0500175
0.0583237 0.0302744 0.0489033
0.0795715 0.0304759 0.049824
0.0998778 0.030658 0.0478902
0.12015 0.029765 0.0472111
0.139932 0.0300235 0.0472451
0.160688 0.0285865 0.0467891
0.180447 0.0296454 0.0467179
0.200939 0.0288502 0.0461713
0.221164 0.0300614 0.0459148
0.241466 0.0282747 0.0475345
0.262201 0.0294138 0.0471688
0.282502 0.0285267 0.0466774
0.303633 0.0291501 0.0470258
0.324646 0.0277852 0.0471155
0.346129 0.0280188 0.0481429
0.368678 0.0264606 0.0476125
0.391661 0.0267971 0.0475398
0.41604 0.0253037 0.0469651
0.439893 0.0247418 0.0469105
0.465849 0.0235064 0.0468422
0.494124 0.0241141 0.0454098
0.521955 0.0222487 0.0468994
0.555304 0.02 0.0495407
0.02 0.0306473 0.0530889
0.0382744 0.0334293 0.0569447
0.0585847 0.0335398 0.0550448
0.0794097 0.0341912 0.0531165
0.0998188 0.0341203 0.0527131
0.120073 0.0335673 0.0519427
0.14012 0.033657 0.0517469
0.160638 0.032704 0.0513256
0.180482 0.0332498 0.0508379
0.20082 0.0326602 0.0511975
0.221099 0.0333627 0.0516005
0.241412 0.0322453 0.0511624
0.261903 0.0329882 0.0516183
0.282379 0.0321682 0.0519805
0.303429 0.0325524 0.0519597
0.324466 0.0315943 0.0514826
0.345943 0.0316118 0.0515353
0.368297 0.0305546 0.051596
0.391252 0.0305707 0.0515753
0.415428 0.029237 0.0506086
0.439232 0.0286404 0.0491877
0.464883 0.0274403 0.0489438
0.492066 0.027547 0.0490095
0.519797 0.0260163 0.0477373
0.549758 0.0240456 0.0484489
0.0286091 0.02 0.0961622
0.0492213 0.02 0.0984223
0.06938 0.02 0.0988456
0.0902632 0.02 0.0996034
0.110526 0.02 0.0991395
0.131683 0.02 0.0994914
0.151036 0.02 0.0988644
0.170911 0.02 0.0989667
0.190912 0.02 0.0992711
0.211135 0.02 0.0999854
0.231234 0.02 0.0996919
0.251434 0.02 0.0994113
0.271782 0.02 0.0992784
0.292371 0.02 0.0989115
0.313167 0.02 0.0984988
0.33456 0.02 0.0978155
0.356224 0.02 0.096943
0.378914 0.02 0.0959597
0.402452 0.02 0.0942353
0.427454 0.02 0.0917938
0.453363 0.02 0.0891396
0.482378 0.02 0.0851979
0.512484 0.02 0.0811138
0.548981 0.02 0.074534
0.0201946 0.02 0.0985506
0.0480072 0.02 0.107184
0.0687187 0.02 0.108292
0.090074 0.02 0.108731
0.11052 0.02 0.10872
0.131136 0.02 0.109217
0.152552 0.02 0.113446
0.171705 0.02 0.112997
0.191188 0.02 0.113614
0.211159 0.02 0.113756
0.231227 0.02 0.113666
0.251357 0.02 0.113321
0.271651 0.02 0.113097
0.292188 0.02 0.112724
0.31307 0.02 0.112232
0.334386 0.02 0.111224
0.356097 0.02 0.109853
0.378565 0.02 0.108316
0.401927 0.02 0.10629
0.426718 0.02 0.103946
0.452619 0.02 0.100578
0.481899 0.02 0.0966749
0.512357 0.02 0.0918052
0.556349 0.02 0.0800613
0.0202311 0.02 0.0980686
0.0463465 0.02 0.103352
0.0688922 0.02 0.106722
0.0897812 0.02 0.106438
0.110486 0.02 0.10684
0.131176 0.02 0.106208
0.151205 0.02 0.105715
0.171197 0.02 0.106338
0.191021 0.02 0.107131
0.211083 0.02 0.107639
0.231284 0.02 0.107415
0.251362 0.02 0.106925
0.271664 0.02 0.106946
0.292224 0.02 0.106579
0.313168 0.02 0.106242
0.334574 0.02 0.105207
0.35631 0.02 0.103752
0.37877 0.02 0.102221
0.40229 0.02 0.100314
0.426972 0.02 0.0980198
0.453119 0.02 0.0950668
0.482032 0.02 0.0913049
0.512389 0.02 0.0868238
0.553789 0.02 0.0768063
0.0213496 0.02 0.0901574
0.0487926 0.02 0.0949762
0.0684486 0.02 0.0942459
0.0901543 0.02 0.0954198
0.110234 0.02 0.094403
0.130413 0.02 0.0949396
0.150581 0.02 0.0932662
0.170574 0.02 0.0929738
0.190736 0.02 0.0935718
0.211033 0.02 0.0939674
0.23136 0.02 0.0938328
0.251451 0.02 0.0934232
0.271797 0.02 0.0935234
0.292466 0.02 0.0931644
0.313291 0.02 0.0928909
0.334857 0.02 0.0922212
0.356422 0.02 0.0915341
0.379133 0.02 0.0908526
0.402613 0.02 0.089535
0.427437 0.02 0.0877987
0.453196 0.02 0.0858291
0.481739 0.02 0.0835505
0.511166 0.02 0.0806644
0.549322 0.02 0.0744912
0.0236285 0.0201666 0.0844224
0.0479783 0.0221029 0.0859583
0.0687527 0.0226948 0.0843886
0.08989 0.0229126 0.0848578
0.109951 0.0224867 0.0844937
0.130527 0.0227515 0.0850093
0.150563 0.0217754 0.085141
0.170766 0.0216279 0.08502
0.190681 0.0216292 0.0848164
0.210973 0.0220081 0.0847707
0.231309 0.021536 0.085117
0.251518 0.0210842 0.0852938
0.271875 0.021353 0.0849216
0.292669 0.021318 0.0846754
0.313351 0.0213929 0.0841692
0.33499 0.0212119 0.0839929
0.356389 0.0210264 0.0838032
0.37939 0.0210011 0.0834067
0.402745 0.0208279 0.0821997
0.427483 0.0206087 0.0803394
0.453076 0.0205631 0.0787066
0.48077 0.0202806 0.0760562
0.509001 0.02 0.0734163
0.542897 0.0214225 0.0697022
0.0260911 0.0247987 0.0782668
0.0486117 0.0262102 0.0767602
0.0689368 0.0271632 0.075704
0.0898439 0.0274428 0.0745928
0.109849 0.0273567 0.0747201
0.130156 0.0278385 0.0742354
0.150137 0.027397 0.0749897
0.170797 0.0275521 0.0746565
0.190881 0.0275945 0.0744554
0.210884 0.0272517 0.0741536
0.231153 0.0275084 0.0746605
0.251553 0.0273498 0.0752295
0.272107 0.0270165 0.0748801
0.292775 0.0264731 0.0748169
0.313455 0.0262776 0.0744847
0.334892 0.0263551 0.0742977
0.35647 0.0261513 0.0741728
0.379529 0.0260201 0.0736647
0.402847 0.0257417 0.0726108
0.427229 0.0252043 0.0710968
0.452846 0.0251246 0.0698073
0.479833 0.0246857 0.0671045
0.507189 0.0229904 0.0647988
0.537422 0.0234658 0.0633608
0.0274759 0.0305263 0.0731545
0.0487129 0.0314219 0.0721042
0.0689449 0.0318913 0.0709128
0.0898344 0.0324016 0.0698494
0.109895 0.0322847 0.0694946
0.130147 0.0325726 0.068723
0.150225 0.032429 0.0691394
0.170656 0.0325369 0.0683769
0.190858 0.0322838 0.0681574
0.210831 0.0320869 0.0683964
0.231169 0.0321757 0.0682617
0.251488 0.0321221 0.0684698
0.272212 0.0317516 0.0687024
0.292753 0.0313096 0.0691816
0.313539 0.031105 0.0690749
0.334829 0.0311171 0.0686374
0.3566 0.0309283 0.0686694
0.379366 0.0306128 0.0682819
0.402706 0.0303035 0.0675411
0.426816 0.0296772 0.066271
0.452119 0.029505 0.0651703
0.478316 0.0289683 0.0637277
0.505415 0.0273164 0.0622455
0.533338 0.0268227 0.0609062
0.0203226 0.02 0.116009
0.036739 0.02 0.119421
0.0579632 0.02 0.123542
0.0793631 0.02 0.125335
0.100034 0.02 0.125896
0.120749 0.02 0.12612
0.141673 0.02 0.124788
0.16128 0.02 0.123443
0.181006 0.02 0.123359
0.201152 0.02 0.123683
0.221206 0.02 0.123702
0.241286 0.02 0.123475
0.261479 0.02 0.123195
0.281865 0.02 0.122878
0.302483 0.02 0.122434
0.323524 0.02 0.121711
0.344915 0.02 0.120583
0.366893 0.02 0.119186
0.38975 0.02 0.117371
0.413516 0.02 0.115149
0.439205 0.02 0.11186
0.465584 0.02 0.108181
0.496842 0.02 0.102243
0.527833 0.02 0.0960434
0.563285 0.02 0.0887604
0.0203185 0.02 0.117691
0.0361012 0.02 0.121846
0.0579733 0.02 0.12666
0.0792578 0.02 0.128464
0.100088 0.02 0.129073
0.12077 0.02 0.129305
0.142158 0.02 0.127813
0.161824 0.02 0.12599
0.181131 0.02 0.125438
0.201195 0.02 0.125723
0.22122 0.02 0.125719
0.241282 0.02 0.125492
0.261473 0.02 0.125208
0.281847 0.02 0.12488
0.302467 0.02 0.124429
0.323492 0.02 0.123702
0.344875 0.02 0.122581
0.366846 0.02 0.121188
0.389682 0.02 0.119388
0.413454 0.02 0.117174
0.439055 0.02 0.113924
0.465515 0.02 0.110195
0.496583 0.02 0.104269
0.528591 0.02 0.0974094
0.564042 0.02 0.0894217
0.020335 0.02 0.119144
0.0347073 0.02 0.123943
0.0577595 0.02 0.130888
0.0792051 0.02 0.132766
0.100057 0.02 0.133353
0.120621 0.02 0.133785
0.142064 0.02 0.132957
