0.02 0.0199343 0.0459419
0.0462271 0.02 0.0479353
0.0579107 0.02 0.0591977
0.0833325 0.02 0.0590162
0.0984089 0.02 0.0579694
0.121219 0.02 0.0591981
0.135955 0.02 0.0543231
0.15652 0.02 0.0523182
0.176191 0.02 0.0529008
0.200046 0.02 0.0607203
0.22056 0.02 0.0598167
0.236477 0.02 0.0549732
0.256951 0.02 0.0558788
0.278305 0.02 0.0586231
0.300219 0.02 0.0592584
0.321669 0.02 0.0601466
0.33851 0.02 0.0527485
0.358657 0.02 0.0531406
0.381793 0.02 0.0523712
0.40479 0.02 0.0517598
0.434191 0.02 0.0466305
0.453679 0.02 0.0503924
0.488819 0.02 0.0559037
0.510897 0.02 0.0374649
0.549613 0.02 0.0415029
0.0199802 0.02 0.0394144
0.0340359 0.02 0.054521
0.0620796 0.02 0.048292
0.0793595 0.02 0.0467324
0.102463 0.02 0.0476038
0.121385 0.02 0.04722
0.144777 0.02 0.0513277
0.164377 0.02 0.0525906
0.185333 0.02 0.0537091
0.202274 0.02 0.0476671
0.220908 0.02 0.0487747
0.245035 0.02 0.0525158
0.265619 0.02 0.0513576
0.284929 0.02 0.0492234
0.303713 0.02 0.04835
0.322211 0.02 0.0485251
0.346499 0.02 0.0535927
0.368756 0.02 0.0523313
0.391601 0.02 0.0522356
0.415142 0.02 0.0514618
0.433748 0.02 0.0584732
0.464094 0.02 0.0475938
0.488123 0.02 0.0351386
0.521954 0.02 0.0539728
0.550118 0.02 0.0415636
0.0199778 0.02 0.0402566
0.0446048 0.02 0.0319873
0.0640165 0.02 0.0341358
0.0806753 0.02 0.0351941
0.100327 0.02 0.0352316
0.118515 0.02 0.033951
0.141327 0.02 0.0367532
0.162406 0.02 0.0361447
0.182075 0.02 0.0380202
0.200901 0.02 0.033325
0.2203 0.02 0.0340617
0.239906 0.02 0.0377413
0.260263 0.02 0.037403
0.28022 0.02 0.0347727
0.300757 0.02 0.0347536
0.321389 0.02 0.033582
0.342883 0.02 0.0381879
0.364733 0.02 0.0363484
0.386745 0.02 0.0360963
0.409597 0.02 0.0365257
0.4322 0.02 0.0335931
0.459657 0.02 0.036301
0.48292 0.02 0.0354007
0.517937 0.02 0.0325103
0.551009 0.02 0.0414489
0.02 0.019968 0.0356734
0.0443136 0.02 0.0334095
0.0602773 0.02 0.0297847
0.0822123 0.02 0.0304594
0.0997238 0.02 0.0298278
0.120432 0.02 0.029174
0.138554 0.02 0.0293337
0.159615 0.02 0.0298438
0.18008 0.02 0.0268073
0.201401 0.02 0.0293056
0.22029 0.02 0.0295596
0.240185 0.02 0.0281663
0.261483 0.02 0.0291136
0.281071 0.02 0.030071
0.301292 0.02 0.0297872
0.321478 0.02 0.0294655
0.343301 0.02 0.0283842
0.364968 0.02 0.0315597
0.38665 0.02 0.0315173
0.409396 0.02 0.0312151
0.432736 0.02 0.0292781
0.458988 0.02 0.0311502
0.48537 0.02 0.030631
0.516148 0.02 0.0297574
0.549128 0.02 0.0404711
0.02 0.0232442 0.0350664
0.0379291 0.0259057 0.0322883
0.0597777 0.0248764 0.0310489
0.0800475 0.0262853 0.0310343
0.100205 0.0250028 0.0300838
0.120106 0.0249255 0.030153
0.139721 0.0250078 0.0299292
0.160159 0.0251002 0.0303607
0.180529 0.0257999 0.0290352
0.201175 0.0243296 0.0300197
0.22035 0.0236781 0.0302875
0.240327 0.0254553 0.0297993
0.26137 0.0248963 0.0301146
0.281234 0.0236841 0.0307444
0.301415 0.0236695 0.0304489
0.321628 0.0241082 0.0307068
0.343032 0.0252532 0.0302453
0.364795 0.0229926 0.0317708
0.386503 0.0225098 0.031932
0.409124 0.0224053 0.0317715
0.432351 0.0232941 0.0306678
0.457606 0.0218183 0.0305966
0.484645 0.02 0.0311863
0.512223 0.02 0.0309822
0.54548 0.02 0.0391537
0.02 0.0326704 0.0461069
0.0387763 0.0354344 0.0395678
0.0591449 0.0349594 0.0377282
0.0799366 0.0355572 0.0385777
0.100099 0.0349604 0.0365923
0.120109 0.0348402 0.0367317
0.140104 0.034526 0.0364421
0.16038 0.0343256 0.0362568
0.180571 0.0342118 0.0363236
0.200655 0.0341815 0.0358134
0.220568 0.034071 0.0353971
0.240537 0.0339636 0.0366561
0.260924 0.0339557 0.0364649
0.281108 0.033714 0.036063
0.301478 0.0336096 0.0359809
0.321958 0.0333527 0.0363953
0.342891 0.0333055 0.0370942
0.364415 0.0322742 0.0366204
0.386356 0.0317779 0.0364416
0.409014 0.0311304 0.036214
0.431926 0.0308903 0.036443
0.456397 0.029849 0.0360603
0.482541 0.0288679 0.0348275
0.508727 0.0276116 0.0360362
0.540388 0.0242155 0.0381067
0.02 0.0361053 0.0414468
0.0387534 0.0394239 0.0437465
0.0590705 0.0396724 0.0421005
0.0797271 0.0402704 0.0406238
0.0999872 0.0398235 0.0404274
0.120107 0.0397108 0.0399617
0.14016 0.0393193 0.0399945
0.16039 0.0390158 0.0399612
0.18047 0.038813 0.0394885
0.20043 0.03889 0.0396448
0.220529 0.0387961 0.0398076
0.24055 0.0386016 0.0397375
0.260748 0.0385793 0.0399777
0.280971 0.0384206 0.0400273
0.301409 0.038297 0.0398951
0.321947 0.037973 0.0397423
0.342756 0.0377228 0.039867
0.364083 0.0370193 0.0399143
0.385993 0.0364838 0.0397227
0.408528 0.0357317 0.0391363
0.431306 0.035184 0.0383551
0.455461 0.0342315 0.037935
0.480719 0.0332685 0.0375184
0.506608 0.0317442 0.03647
0.534876 0.029921 0.0370618
0.0262848 0.02 0.0780699
0.0487552 0.02 0.0800587
0.069219 0.02 0.0803056
0.0901424 0.02 0.0810645
0.110416 0.02 0.0807454
0.131532 0.02 0.0811941
0.150866 0.02 0.0807998
0.170685 0.02 0.0809728
0.190648 0.02 0.0812149
0.210757 0.02 0.0819268
0.230701 0.02 0.0817651
0.250742 0.02 0.0816293
0.270845 0.02 0.0815867
0.291096 0.02 0.0813855
0.311446 0.02 0.0811987
0.332257 0.02 0.0808387
0.353147 0.02 0.0803361
0.374739 0.02 0.0798308
0.397001 0.02 0.0786555
0.420413 0.02 0.0768877
0.444666 0.02 0.0748216
0.471613 0.02 0.0716292
0.500007 0.02 0.0683947
0.534257 0.02 0.0627624
0.02 0.0199746 0.0797755
0.0474587 0.02 0.0880762
0.0685084 0.02 0.0891866
0.0899406 0.02 0.0897135
0.1104 0.02 0.0898134
0.130983 0.02 0.0904095
0.152371 0.02 0.0947023
0.171489 0.02 0.0944
0.190929 0.02 0.095048
0.210812 0.02 0.0952317
0.230756 0.02 0.0952411
0.25072 0.02 0.0950152
0.270784 0.02 0.0949047
0.290997 0.02 0.0946925
0.311447 0.02 0.0944332
0.332177 0.02 0.0937566
0.353116 0.02 0.0927918
0.37455 0.02 0.0917491
0.396656 0.02 0.090305
0.419909 0.02 0.0886414
0.444133 0.02 0.0859666
0.471384 0.02 0.082917
0.500085 0.02 0.0788984
0.541526 0.02 0.0682802
0.0201185 0.02 0.0793839
0.0457446 0.0205373 0.0845052
0.068689 0.02 0.0876807
0.0896475 0.02 0.0875189
0.110368 0.02 0.0880162
0.131025 0.02 0.0875252
0.15102 0.02 0.0872182
0.170985 0.02 0.0879417
0.19076 0.02 0.0887509
0.210725 0.0200594 0.0893005
0.230792 0.0200074 0.0891645
0.250706 0.0201273 0.0887888
0.270774 0.0200705 0.0889269
0.291002 0.0200966 0.0887325
0.311506 0.0200701 0.0886316
0.332327 0.02 0.0879095
0.353285 0.02 0.0868577
0.374695 0.02 0.0858158
0.396932 0.02 0.0845014
0.420061 0.02 0.0828914
0.444528 0.02 0.0806015
0.471419 0.02 0.0776528
0.500044 0.02 0.0739897
0.538992 0.02 0.0650443
0.0219876 0.0225937 0.0734107
0.0484124 0.0240068 0.0770018
0.0683661 0.0254622 0.0763148
0.0900554 0.0251196 0.0771911
0.110144 0.0248634 0.0764024
0.130272 0.0243573 0.0769534
0.150453 0.0233223 0.0755688
0.170309 0.0227326 0.075315
0.190484 0.0230299 0.0758538
0.210629 0.0234541 0.0762514
0.230794 0.023158 0.0762546
0.250705 0.0229425 0.0760068
0.270809 0.0232075 0.0761587
0.291115 0.0232767 0.0759791
0.311513 0.0233704 0.0759119
0.332476 0.0230166 0.0755477
0.353293 0.0229612 0.0751494
0.374839 0.0230614 0.074936
0.397077 0.0228327 0.0741368
0.420318 0.0226451 0.0730238
0.444434 0.0223821 0.0715704
0.470982 0.0218326 0.0699726
0.498758 0.021141 0.0679246
0.53459 0.0221865 0.0627238
0.0237915 0.0264249 0.0682257
0.0479457 0.0286405 0.0690342
0.0687979 0.0294389 0.0677275
0.0899213 0.0295848 0.0678088
0.109974 0.0292274 0.067583
0.130373 0.0294458 0.0679085
0.15057 0.0282785 0.0680051
0.170398 0.0280683 0.0678993
0.190457 0.0284177 0.0677599
0.210522 0.0287249 0.0678426
0.230723 0.028426 0.0681279
0.250672 0.0279482 0.0684125
0.270804 0.0282699 0.0681711
0.291155 0.02816 0.068208
0.311531 0.0281441 0.067913
0.33249 0.0278886 0.0678369
0.353225 0.0274757 0.0678377
0.374898 0.0274492 0.0679289
0.397095 0.0271871 0.0672275
0.420247 0.0268379 0.065952
0.444147 0.0266413 0.0647249
0.469941 0.0262679 0.0627046
0.496576 0.0255228 0.0608925
0.528322 0.0266054 0.0579484
0.0262239 0.0315387 0.062554
0.0486666 0.0333187 0.0609453
0.0692005 0.0344881 0.0603581
0.0899307 0.0345757 0.0593654
0.109978 0.0344132 0.0594095
0.13016 0.0344029 0.0588087
0.150275 0.0338358 0.0592924
0.170379 0.0339577 0.0590766
0.190495 0.0337147 0.0588451
0.210481 0.0339213 0.0590655
0.230564 0.033735 0.0591366
0.250651 0.0336519 0.0595263
0.270854 0.0334737 0.0594377
0.291144 0.0334855 0.0597022
0.31157 0.0333979 0.0595185
0.332365 0.0330823 0.0592269
0.353201 0.0328031 0.0593443
0.374876 0.0328054 0.0593407
0.397057 0.0324509 0.058642
0.419975 0.0319204 0.0576516
0.443779 0.0316692 0.056624
0.469026 0.0308892 0.0543579
0.494648 0.0292363 0.0525263
0.522903 0.0294533 0.0516045
0.0276966 0.0378066 0.0580085
0.0488526 0.0391197 0.05702
0.0692907 0.0398061 0.0561637
0.0899446 0.0401395 0.0553582
0.110059 0.0398477 0.0551875
0.13017 0.0398025 0.0548121
0.150239 0.0393939 0.0548324
0.170398 0.039481 0.0542688
0.190459 0.0392336 0.0545095
0.210458 0.0393048 0.0547094
0.230506 0.0392006 0.0546783
0.250618 0.039138 0.0546972
0.270865 0.0389249 0.0549747
0.291111 0.0388891 0.0551354
0.311571 0.0387396 0.0549843
0.332249 0.0384449 0.0547796
0.353165 0.0381381 0.0548234
0.374719 0.0379151 0.0547471
0.396827 0.0375028 0.0542417
0.419553 0.0369221 0.0534483
0.443094 0.0365479 0.0525865
0.467708 0.0356563 0.0513824
0.49293 0.0339383 0.050043
0.518926 0.0335022 0.0490695
0.0199807 0.02 0.0959115
0.0362014 0.02 0.0996008
0.0576686 0.02 0.103992
0.0792142 0.02 0.10581
0.099918 0.02 0.106431
0.120613 0.02 0.106755
0.141507 0.02 0.105621
0.161087 0.02 0.104501
0.180779 0.02 0.104562
0.200866 0.02 0.104943
0.220821 0.02 0.10503
0.240764 0.02 0.104901
0.26077 0.02 0.104731
0.280888 0.02 0.104552
0.301142 0.02 0.104303
0.321693 0.02 0.103855
0.342429 0.02 0.103088
0.363524 0.02 0.102136
0.38523 0.02 0.100874
0.407608 0.02 0.0992982
0.431619 0.02 0.0967576
0.456276 0.02 0.0938102
0.485411 0.02 0.0888669
0.514776 0.02 0.0834413
0.548288 0.02 0.0769364
0.02 0.0199797 0.0975781
0.0355932 0.02 0.10197
0.0576848 0.02 0.107048
0.0791117 0.02 0.108877
0.0999723 0.02 0.109539
0.120635 0.02 0.109866
0.141992 0.02 0.108577
0.161631 0.02 0.106994
0.180906 0.02 0.106602
0.200911 0.02 0.106946
0.220839 0.02 0.107012
0.240766 0.02 0.106881
0.26077 0.02 0.106707
0.280878 0.02 0.106516
0.301134 0.02 0.106263
0.321669 0.02 0.105812
0.3424 0.02 0.105053
0.36349 0.02 0.104108
0.385177 0.02 0.102859
0.407565 0.02 0.101288
0.431499 0.02 0.0987853
0.456248 0.02 0.0957905
0.485201 0.02 0.090855
0.515518 0.02 0.0848059
0.549016 0.02 0.0776004
0.02 0.01998 0.099017
0.0342264 0.02 0.10402
0.0574858 0.02 0.11118
0.0790635 0.02 0.113103
0.0999438 0.02 0.113739
0.120487 0.02 0.114259
0.1419 0.02 0.113608
