0.0199676 0.02 0.0209018
0.0383117 0.02 0.0208313
0.0597641 0.02 0.0206387
0.0798794 0.02 0.0205238
0.10027 0.02 0.0205537
0.120661 0.02 0.0205201
0.141385 0.02 0.020796
0.160271 0.02 0.0208319
0.180569 0.02 0.0207629
0.200373 0.02 0.0209637
0.220309 0.02 0.0210171
0.240171 0.02 0.0209532
0.260108 0.02 0.0209246
0.280051 0.02 0.0209137
0.300032 0.02 0.0208997
0.320014 0.02 0.020888
0.340023 0.02 0.0209745
0.360052 0.02 0.0209675
0.380132 0.02 0.0209896
0.400235 0.02 0.0209472
0.42056 0.02 0.020875
0.44102 0.02 0.0208113
0.462105 0.02 0.0208183
0.483976 0.02 0.0209541
0.507282 0.02 0.0206967
0.019968 0.02 0.0207799
0.0376582 0.02 0.0207389
0.0598021 0.02 0.0205535
0.0798414 0.02 0.0204517
0.100314 0.02 0.0204782
0.120661 0.02 0.0204967
0.141876 0.02 0.0207562
0.160645 0.02 0.0208168
0.180634 0.02 0.0207631
0.200392 0.02 0.0208847
0.220316 0.02 0.020933
0.240173 0.02 0.020953
0.26011 0.02 0.0209244
0.280051 0.02 0.0209135
0.300032 0.02 0.0208995
0.320014 0.02 0.0208877
0.340023 0.02 0.0209745
0.360052 0.02 0.0209675
0.380133 0.02 0.0209896
0.400236 0.02 0.0209472
0.420565 0.02 0.0209642
0.441043 0.02 0.0208108
0.462134 0.02 0.0207775
0.484429 0.02 0.0210051
0.50778 0.02 0.0206881
0.02 0.0292228 0.0203771
0.0385993 0.0295696 0.0200272
0.06043 0.0321751 0.0201837
0.0798106 0.0319043 0.02
0.100339 0.0320827 0.0200034
0.120432 0.0321011 0.0200249
0.141426 0.0310404 0.0200241
0.160998 0.0304262 0.02
0.18073 0.0296574 0.0200202
0.200345 0.0295542 0.02
0.220242 0.0295139 0.02
0.240153 0.0294822 0.02
0.26009 0.0294496 0.02
0.280045 0.0294493 0.02
0.30003 0.0294325 0.02
0.320027 0.0294277 0.02
0.340045 0.0293982 0.02
0.360048 0.0293653 0.0200015
0.380139 0.0293732 0.0200003
0.400243 0.0292684 0.020006
0.420453 0.0291877 0.0200183
0.441133 0.0291047 0.0200181
0.46156 0.0284145 0.0202924
0.48424 0.028617 0.0201095
0.508378 0.0275048 0.0205486
0.02 0.0392266 0.0203083
0.0391492 0.0416015 0.02
0.0601699 0.0409337 0.0200457
0.0798711 0.0409072 0.02
0.100212 0.040906 0.02
0.120375 0.0407916 0.02
0.140229 0.0406217 0.02
0.160333 0.0410724 0.02
0.180462 0.0404751 0.02
0.200297 0.0403181 0.02
0.220188 0.0403276 0.02
0.240119 0.0403041 0.02
0.260069 0.0402619 0.02
0.280038 0.0402649 0.02
0.300025 0.0402428 0.02
0.320022 0.0402345 0.02
0.340034 0.0401853 0.02
0.360044 0.0401344 0.02
0.38011 0.0401471 0.02
0.400197 0.0399697 0.02
0.420397 0.0399272 0.02
0.440901 0.039768 0.02
0.461437 0.0386355 0.02
0.483668 0.0398756 0.02
0.506083 0.0367933 0.0202576
0.02 0.04832 0.020601
0.0391083 0.051899 0.0200038
0.0598013 0.0502153 0.02
0.0799003 0.0506687 0.02
0.100086 0.0505248 0.02
0.120241 0.0502948 0.02
0.140145 0.0502933 0.02
0.160306 0.0506225 0.02
0.180319 0.0503775 0.02
0.200234 0.0502685 0.02
0.220148 0.0502068 0.02
0.240084 0.0501797 0.02
0.26005 0.0501567 0.02
0.280029 0.0501466 0.02
0.300018 0.0501312 0.02
0.320015 0.0501231 0.02
0.340019 0.0501065 0.02
0.360037 0.0500794 0.02
0.380074 0.050067 0.02
0.400139 0.0499818 0.02
0.42032 0.0498965 0.02
0.440551 0.0497041 0.02
0.461138 0.048919 0.0200144
0.482223 0.0487047 0.0200392
0.50301 0.0462257 0.0202659
0.02 0.0599368 0.0204176
0.0395156 0.0616483 0.0203238
0.0597276 0.0618254 0.0200017
0.0799452 0.0621447 0.02
0.100002 0.0621303 0.02
0.120106 0.0620775 0.02
0.14019 0.0619256 0.02
0.160209 0.0616826 0.02
0.180177 0.0614581 0.02
0.200137 0.061321 0.02
0.220081 0.0612289 0.02
0.240051 0.0611866 0.02
0.260028 0.0611608 0.02
0.280016 0.0611444 0.02
0.30001 0.0611333 0.02
0.32001 0.0611233 0.02
0.340012 0.0611122 0.02
0.360021 0.0610944 0.02
0.380043 0.0610642 0.02
0.400082 0.0610082 0.02
0.420168 0.0608943 0.02
0.440295 0.0606785 0.0200064
0.460526 0.0602806 0.0200423
0.480896 0.059658 0.020136
0.50103 0.0585149 0.0201886
0.02 0.0756477 0.0201807
0.039863 0.0762496 0.0201822
0.0598921 0.0765556 0.0201441
0.0799679 0.0767281 0.0201317
0.100011 0.0767723 0.020125
0.120061 0.0767458 0.0201016
0.140096 0.0766282 0.0200849
0.160105 0.0764568 0.020074
0.180088 0.0762924 0.0200638
0.200064 0.0761773 0.0200544
0.22004 0.0761099 0.0200497
0.240023 0.0760735 0.0200483
0.260012 0.0760531 0.0200484
0.280006 0.0760422 0.0200486
0.300004 0.0760355 0.0200489
0.320003 0.0760301 0.0200495
0.340004 0.0760237 0.0200503
0.360007 0.0760145 0.0200512
0.380014 0.0759973 0.0200528
0.400029 0.075963 0.0200559
0.420058 0.0758967 0.0200607
0.440106 0.0757783 0.0200662
0.46018 0.07558 0.020068
0.480268 0.0753274 0.0200678
0.500271 0.0748879 0.0200568
0.0272694 0.02 0.0358059
0.0484051 0.02 0.0363592
0.0694944 0.02 0.0363344
0.0900737 0.02 0.0364832
0.110414 0.02 0.0364547
0.131601 0.02 0.0363195
0.151186 0.02 0.0361049
0.170695 0.02 0.0364117
0.19057 0.02 0.0364717
0.210398 0.02 0.0366008
0.230266 0.02 0.0365655
0.250142 0.02 0.0365237
0.27008 0.02 0.0364903
0.290043 0.02 0.0364718
0.310015 0.02 0.0364556
0.329998 0.02 0.036452
0.35003 0.02 0.0364345
0.370073 0.02 0.0364191
0.390159 0.02 0.0363551
0.410419 0.02 0.0362223
0.430639 0.02 0.0360492
0.451875 0.02 0.0354873
0.472874 0.02 0.0350108
0.496435 0.02 0.034071
0.0202367 0.0280644 0.0375223
0.0484017 0.0286656 0.0407667
0.069191 0.0284278 0.0409059
0.0901015 0.0284903 0.0408212
0.110443 0.0283579 0.0408094
0.131128 0.0283719 0.0410388
0.152736 0.0283371 0.0439785
0.17155 0.0278862 0.0438163
0.190792 0.0277446 0.0439911
0.210443 0.0277187 0.0439683
0.230256 0.0276824 0.043957
0.250136 0.0276997 0.0439321
0.270073 0.0276732 0.0438962
0.290037 0.0276648 0.0438792
0.310015 0.0276548 0.0438649
0.330004 0.0276556 0.0438582
0.350027 0.0276629 0.0438543
0.370066 0.0276464 0.0438239
0.390144 0.0276196 0.0437552
0.410378 0.0276079 0.0436696
0.430633 0.0274494 0.0433659
0.45187 0.0274511 0.0430375
0.473397 0.0268904 0.0423299
0.500076 0.0269525 0.0377597
0.0254725 0.0392912 0.03662
0.0484528 0.0399237 0.0370524
0.0691815 0.039832 0.0375358
0.090082 0.039881 0.0373268
0.110283 0.039808 0.0374692
0.130927 0.0397807 0.0371712
0.15113 0.038597 0.0382464
0.171184 0.0376163 0.0384798
0.190616 0.0373452 0.0387915
0.21039 0.0372076 0.0387989
0.230212 0.037206 0.0387991
0.250124 0.0371961 0.0387698
0.270061 0.0371848 0.0387515
0.290036 0.0371808 0.038735
0.310017 0.0371771 0.0387256
0.330015 0.0371684 0.0387121
0.350035 0.0371632 0.0387038
0.370059 0.0371556 0.0386751
0.390159 0.0371318 0.0386208
0.410342 0.0371343 0.0385613
0.430634 0.0370641 0.0382638
0.451729 0.0369731 0.0380718
0.473055 0.0366798 0.0374255
0.497469 0.036545 0.0347109
0.0273297 0.0466062 0.0336103
0.0492555 0.0476888 0.0351124
0.0692381 0.04852 0.0352116
0.0900355 0.048526 0.0351637
0.110183 0.0485285 0.0351804
0.130262 0.0484433 0.0349125
0.1503 0.048278 0.0344145
0.170501 0.047531 0.0342071
0.190383 0.0472983 0.0342191
0.210278 0.0471594 0.0342026
0.230148 0.0471074 0.0341935
0.250091 0.0470923 0.0341793
0.270047 0.04708 0.0341608
0.290029 0.0470723 0.0341466
0.310017 0.0470677 0.0341352
0.330018 0.0470636 0.0341179
0.350034 0.0470615 0.0341013
0.370058 0.0470505 0.0340692
0.390137 0.0470302 0.0340149
0.410287 0.0470074 0.0339416
0.430541 0.0468428 0.0337159
0.451241 0.0466171 0.0333939
0.472097 0.0457313 0.0331025
0.494338 0.0437929 0.0319019
0.0286902 0.0553131 0.0314142
0.049413 0.0569342 0.0318288
0.0696014 0.0578053 0.0316853
0.0899829 0.057851 0.031643
0.110066 0.0579439 0.0317282
0.130212 0.0578382 0.0317189
0.150304 0.0576685 0.0314356
0.170324 0.0572896 0.0312945
0.190244 0.0570635 0.0312242
0.210173 0.0568876 0.0312152
0.230096 0.0568119 0.0312132
0.250058 0.056771 0.0311926
0.270032 0.0567466 0.0311786
0.290019 0.0567296 0.0311679
0.310014 0.0567181 0.0311573
0.330015 0.0567034 0.031142
0.350024 0.0566897 0.0311191
0.370047 0.0566563 0.0310973
0.390091 0.056602 0.0310442
0.410196 0.0565025 0.0309665
0.430356 0.056226 0.0308669
0.450654 0.0558599 0.0306958
0.471211 0.0549427 0.0306728
0.491943 0.0531168 0.0306603
0.029685 0.0678845 0.0303947
0.0497291 0.0687018 0.0304115
0.0698635 0.069218 0.0303861
0.0899778 0.0693079 0.0303882
0.11003 0.0693847 0.0303732
0.130114 0.0693156 0.0303471
0.150162 0.069068 0.0302999
0.170155 0.0687919 0.0302669
0.190118 0.0685948 0.0302494
0.210079 0.0684641 0.0302409
0.230047 0.068401 0.0302365
0.250028 0.0683604 0.0302348
0.270015 0.0683378 0.0302331
0.290009 0.068324 0.0302319
0.310007 0.0683136 0.0302309
0.330008 0.0683004 0.0302299
0.350011 0.068284 0.0302285
0.370021 0.0682587 0.0302262
0.390042 0.0682091 0.0302226
0.410082 0.0681195 0.0302178
0.430149 0.067947 0.0302084
0.450253 0.0676705 0.0301914
0.470403 0.0672467 0.0301718
0.490555 0.0666572 0.0301532
0.0299402 0.0849089 0.0301429
0.0499313 0.085171 0.030153
0.0699578 0.0853422 0.0301552
0.0899973 0.0854087 0.0301567
0.110032 0.0854114 0.0301489
0.13006 0.085343 0.0301304
0.150072 0.085227 0.0301046
0.170069 0.0850951 0.0300818
0.190054 0.084991 0.0300652
0.210037 0.0849229 0.0300559
0.230021 0.0848849 0.0300517
0.250011 0.0848648 0.03005
0.270006 0.0848547 0.0300493
0.290003 0.0848493 0.030049
0.310002 0.0848461 0.0300488
0.330001 0.0848434 0.0300487
0.350002 0.0848398 0.0300485
0.370005 0.0848335 0.0300481
0.390011 0.0848201 0.0300476
0.410023 0.0847931 0.0300467
0.430046 0.0847389 0.030045
0.450083 0.0846448 0.0300423
0.470131 0.0844992 0.0300403
0.490157 0.0843034 0.0300376
0.0199704 0.02 0.0490645
0.037723 0.02 0.0511322
0.0589503 0.02 0.0532771
0.0797962 0.02 0.0537689
0.100251 0.02 0.0537948
0.120722 0.02 0.0538548
0.141896 0.02 0.0528454
0.161202 0.02 0.0519428
0.180787 0.02 0.0519511
0.200556 0.02 0.0520216
0.220368 0.02 0.0519272
0.240184 0.02 0.0518121
0.260112 0.02 0.051748
0.280053 0.02 0.0516954
0.300027 0.02 0.0516683
0.320003 0.02 0.0516621
0.339997 0.02 0.0516857
0.360048 0.02 0.0516768
0.380098 0.02 0.0516201
0.400198 0.02 0.0515422
0.420584 0.02 0.0512115
0.440832 0.02 0.050878
0.462529 0.02 0.0496833
0.48421 0.02 0.0477515
0.506821 0.02 0.0452446
0.0199751 0.02 0.0506044
0.0371357 0.02 0.0534046
0.058987 0.02 0.0562331
0.0797364 0.02 0.0567106
0.100307 0.02 0.0567452
0.120765 0.02 0.0567816
0.142353 0.02 0.0555295
0.161731 0.02 0.0541522
0.180903 0.02 0.0537682
0.200594 0.02 0.0538157
0.220375 0.02 0.0537116
0.240189 0.02 0.0535927
0.260111 0.02 0.0535269
0.280052 0.02 0.0534735
0.300026 0.02 0.0534464
0.320003 0.02 0.0534405
0.339999 0.02 0.0534628
0.360045 0.02 0.0534546
0.380095 0.02 0.0533974
0.400199 0.02 0.0533181
0.420559 0.02 0.0529907
0.440877 0.02 0.0526345
0.462494 0.02 0.0514614
0.484802 0.02 0.0490307
0.507558 0.02 0.0458975
0.02 0.0321232 0.0524968
0.0362834 0.0343418 0.0557312
0.0589836 0.0358336 0.059575
0.0796908 0.0360239 0.0600394
0.10032 0.036028 0.0600711
0.120639 0.0359645 0.0602204
0.142243 0.0351126 0.0594417
