0.0199855 0.02 0.091685
0.0457582 0.02 0.0912169
0.0576661 0.02 0.106086
0.0829053 0.02 0.105321
0.098168 0.02 0.103886
0.120735 0.02 0.105051
0.135817 0.02 0.0982094
0.15627 0.02 0.0947672
0.178012 0.02 0.0963496
0.202165 0.02 0.106013
0.222984 0.02 0.104901
0.239038 0.02 0.0980042
0.261301 0.02 0.0998409
0.283735 0.02 0.102359
0.306931 0.02 0.103333
0.329811 0.02 0.104267
0.348449 0.02 0.0941808
0.371753 0.02 0.0942095
0.397946 0.02 0.0928507
0.424919 0.02 0.0914287
0.459167 0.02 0.0846205
0.48148 0.02 0.0880588
0.52317 0.02 0.0932134
0.549787 0.02 0.0731136
0.591653 0.02 0.0766052
0.0199983 0.02 0.0712721
0.0333565 0.02 0.0999241
0.0615952 0.02 0.0913684
0.0787138 0.02 0.0895374
0.102538 0.02 0.0910743
0.121143 0.02 0.0881804
0.144885 0.02 0.0942786
0.166259 0.02 0.0948707
0.187136 0.02 0.097087
0.20431 0.02 0.087956
0.223379 0.02 0.0906429
0.248333 0.02 0.0938954
0.270848 0.02 0.0935013
0.290644 0.02 0.0900513
0.311259 0.02 0.0898416
0.330829 0.02 0.0887304
0.357797 0.02 0.0953846
0.383724 0.02 0.0925607
0.40974 0.02 0.0922051
0.437328 0.02 0.0902012
0.458155 0.02 0.0989619
0.494622 0.02 0.0851521
0.524314 0.02 0.0703001
0.562142 0.02 0.0896622
0.592175 0.02 0.0766644
0.019995 0.02 0.0828562
0.0431232 0.02 0.0646909
0.0649036 0.02 0.0683501
0.0800496 0.02 0.0689459
0.100222 0.02 0.0741971
0.119183 0.02 0.0665923
0.142401 0.02 0.0739476
0.163812 0.02 0.0699677
0.183762 0.02 0.0752251
0.202541 0.02 0.0657738
0.223805 0.02 0.0729239
0.243573 0.02 0.0738492
0.26384 0.02 0.075615
0.28568 0.02 0.069509
0.307561 0.02 0.0736305
0.330956 0.02 0.0680981
0.354209 0.02 0.0755007
0.379066 0.02 0.072363
0.404423 0.02 0.073871
0.431117 0.02 0.0723884
0.456594 0.02 0.0684524
0.488493 0.02 0.0714825
0.514951 0.02 0.071789
0.55862 0.02 0.0669687
0.593099 0.02 0.0765416
0.0199905 0.02 0.0673479
0.0429771 0.02 0.0665537
0.0574306 0.02 0.060315
0.0812647 0.02 0.0619111
0.0988798 0.02 0.0572821
0.120979 0.02 0.0597217
0.137991 0.02 0.0581286
0.160943 0.02 0.060966
0.180646 0.02 0.0557818
0.202827 0.02 0.0600073
0.222884 0.02 0.0571239
0.24419 0.02 0.059597
0.266531 0.02 0.0590545
0.286499 0.02 0.0628022
0.309319 0.02 0.0599978
0.331156 0.02 0.0629325
0.354878 0.02 0.061411
0.379267 0.02 0.0667199
0.40396 0.02 0.0654815
0.430917 0.02 0.0664734
0.457278 0.02 0.0639888
0.487778 0.02 0.0661575
0.52033 0.02 0.0645055
0.556501 0.02 0.063887
0.591162 0.02 0.0755614
0.0199957 0.02 0.0670506
0.0367175 0.02 0.0652243
0.0570768 0.02 0.0626418
0.0794842 0.02 0.0628919
0.0997162 0.02 0.0588543
0.120682 0.02 0.0611234
0.139622 0.02 0.059482
0.161411 0.02 0.0618398
0.181142 0.02 0.0588108
0.202651 0.02 0.061074
0.223024 0.02 0.058611
0.244275 0.02 0.0620397
0.266336 0.02 0.0607784
0.286665 0.02 0.0637707
0.309523 0.02 0.0613568
0.331272 0.02 0.0645424
0.354546 0.02 0.0638896
0.379065 0.02 0.0669972
0.403724 0.02 0.0659482
0.430602 0.02 0.067093
0.456818 0.02 0.0654927
0.486139 0.02 0.0656412
0.519347 0.02 0.0650494
0.551765 0.02 0.0650157
0.587389 0.02 0.0742292
0.0199915 0.02 0.088048
0.0377633 0.0255636 0.0751127
0.058118 0.0225998 0.0740345
0.0797057 0.0229861 0.0750497
0.0998463 0.0206654 0.0727024
0.120496 0.0224194 0.0718047
0.140541 0.02 0.0717145
0.16093 0.02 0.0709131
0.18143 0.02 0.0709922
0.202223 0.0202527 0.0706133
0.22351 0.02 0.0700963
0.244264 0.02 0.071849
0.265511 0.02 0.0718625
0.287038 0.02 0.0716126
0.309191 0.02 0.072236
0.331451 0.02 0.0725567
0.354317 0.02 0.0736556
0.378503 0.02 0.0728721
0.403583 0.02 0.0729394
0.430306 0.02 0.0719901
0.456282 0.02 0.0719318
0.484709 0.02 0.0716013
0.515979 0.02 0.0696773
0.546567 0.02 0.0707168
0.582059 0.02 0.0731559
0.02 0.0199784 0.079689
0.0378568 0.0238161 0.0864249
0.0585415 0.0228152 0.0836225
0.0793892 0.0237808 0.0815956
0.099859 0.0232738 0.079035
0.12022 0.0229631 0.07933
0.140707 0.0227241 0.0771329
0.161387 0.0222587 0.0775769
0.181503 0.0222375 0.0758624
0.202287 0.0217821 0.0775175
0.223375 0.0224305 0.0769345
0.244076 0.0215089 0.0765567
0.265213 0.0221512 0.0770282
0.286626 0.0214303 0.0785232
0.308911 0.0216322 0.0777758
0.331041 0.0211612 0.077876
0.354098 0.0210209 0.0772667
0.378001 0.0211454 0.077986
0.403104 0.0205847 0.0773243
0.429433 0.0201084 0.0763823
0.455548 0.02 0.0742905
0.48362 0.02 0.0737646
0.51364 0.02 0.0734079
0.544191 0.02 0.0716167
0.576281 0.02 0.0720761
0.0284619 0.02 0.129185
0.0490678 0.02 0.131545
0.0692392 0.02 0.131986
0.0901576 0.02 0.132746
0.110493 0.02 0.132186
0.131824 0.02 0.132433
0.151451 0.02 0.131559
0.171644 0.02 0.131442
0.191993 0.02 0.131574
0.212602 0.02 0.132068
0.233146 0.02 0.131512
0.253954 0.02 0.130985
0.275033 0.02 0.130573
0.2965 0.02 0.129824
0.318352 0.02 0.129009
0.341067 0.02 0.127871
0.364368 0.02 0.126449
0.388979 0.02 0.124829
0.414675 0.02 0.122366
0.442175 0.02 0.119099
0.47049 0.02 0.115693
0.502759 0.02 0.110773
0.535467 0.02 0.10598
0.575685 0.02 0.0982977
0.0200726 0.02 0.131786
0.0479181 0.02 0.140885
0.0686409 0.02 0.142102
0.0900309 0.02 0.142577
0.110554 0.02 0.142488
0.131326 0.02 0.142851
0.152985 0.02 0.14698
0.172412 0.02 0.146223
0.192206 0.02 0.146643
0.212548 0.02 0.146556
0.233066 0.02 0.146206
0.253766 0.02 0.145582
0.274762 0.02 0.145057
0.296157 0.02 0.144317
0.318095 0.02 0.143392
0.340736 0.02 0.141858
0.36405 0.02 0.13987
0.388415 0.02 0.137628
0.413916 0.02 0.134827
0.441118 0.02 0.131645
0.469451 0.02 0.127451
0.501895 0.02 0.122551
0.535086 0.02 0.116844
0.583307 0.02 0.103786
0.0201063 0.02 0.131277
0.0462351 0.02 0.13683
0.0688056 0.02 0.140447
0.0897232 0.02 0.14014
0.11051 0.02 0.140498
0.131352 0.02 0.139673
0.15162 0.02 0.138896
0.171909 0.02 0.139276
0.192059 0.02 0.139887
0.212496 0.02 0.140188
0.233154 0.02 0.139704
0.253811 0.02 0.138938
0.274822 0.02 0.138676
0.296248 0.02 0.137938
0.318255 0.02 0.13717
0.340987 0.02 0.135627
0.364352 0.02 0.133586
0.388721 0.02 0.131365
0.414396 0.02 0.128694
0.441522 0.02 0.125553
0.4701 0.02 0.121798
0.502193 0.02 0.11705
0.535183 0.02 0.111801
0.580662 0.02 0.100535
0.0211655 0.02 0.122704
0.0486035 0.02 0.127802
0.068273 0.02 0.127014
0.0900166 0.02 0.128209
0.110162 0.02 0.127033
0.130513 0.02 0.127492
0.151004 0.02 0.125341
0.171334 0.02 0.124795
0.191849 0.02 0.125388
0.212563 0.02 0.12558
0.233328 0.02 0.125109
0.254055 0.02 0.124438
0.275138 0.02 0.124338
0.296704 0.02 0.123619
0.318575 0.02 0.122983
0.341488 0.02 0.121878
0.364697 0.02 0.120682
0.389327 0.02 0.119424
0.414956 0.02 0.117434
0.442256 0.02 0.114939
0.470383 0.02 0.112275
0.50208 0.02 0.109106
0.534033 0.02 0.105557
0.576041 0.02 0.0982505
0.0233971 0.02 0.116311
0.0476998 0.02 0.118028
0.0685277 0.02 0.116334
0.0896697 0.02 0.116732
0.109803 0.02 0.1162
0.130548 0.02 0.116764
0.151019 0.02 0.11648
0.171578 0.02 0.116102
0.191859 0.02 0.115833
0.212628 0.02 0.115433
0.233335 0.02 0.115553
0.254264 0.02 0.115608
0.275367 0.02 0.114983
0.297082 0.02 0.114378
0.31879 0.02 0.113571
0.341737 0.02 0.113113
0.364824 0.02 0.112484
0.389748 0.02 0.111552
0.415264 0.02 0.109721
0.442462 0.02 0.107152
0.470431 0.02 0.104868
0.50112 0.02 0.101398
0.53189 0.02 0.0981336
0.569311 0.02 0.0934806
0.0258069 0.02 0.109514
0.0482731 0.02 0.107968
0.0687361 0.02 0.106557
0.0895746 0.02 0.10502
0.109664 0.02 0.10495
0.129876 0.02 0.104546
0.150646 0.02 0.10492
0.17176 0.02 0.104368
0.192236 0.02 0.104182
0.212656 0.02 0.10335
0.233185 0.02 0.103756
0.254529 0.02 0.104364
0.275741 0.02 0.103872
0.297358 0.02 0.103441
0.319045 0.02 0.102895
0.34172 0.02 0.102563
0.365104 0.02 0.102039
0.390045 0.02 0.101112
0.415524 0.02 0.0995119
0.442313 0.02 0.0974058
0.470335 0.02 0.0955409
0.500135 0.02 0.0921498
0.530109 0.02 0.0892732
0.563451 0.02 0.0871363
0.02707 0.02 0.103887
0.0484567 0.02 0.102885
0.068653 0.02 0.101089
0.0896884 0.0202456 0.0994089
0.109651 0.0201899 0.0985993
0.13003 0.0208218 0.09736
0.150704 0.0208648 0.0978465
0.171707 0.0209454 0.0967828
0.192159 0.0204107 0.0960258
0.212674 0.020008 0.0963748
0.233238 0.0203271 0.0961709
0.254542 0.0205397 0.0964928
0.275942 0.0200781 0.0964982
0.297454 0.02 0.0970333
0.319198 0.02 0.0968017
0.341791 0.02 0.0962218
0.365316 0.0200124 0.0959512
0.389999 0.0200986 0.095241
0.415439 0.02 0.0940522
0.441964 0.02 0.0923132
0.469619 0.02 0.0906843
0.498515 0.02 0.0886819
0.528224 0.02 0.086693
0.559045 0.02 0.0847253
0.0202827 0.02 0.14999
0.0367051 0.02 0.15354
0.0579451 0.02 0.157909
0.0793719 0.02 0.159866
0.100093 0.02 0.160445
0.120902 0.02 0.160562
0.141976 0.02 0.158947
0.161808 0.02 0.157227
0.181833 0.02 0.156803
0.202317 0.02 0.156884
0.222766 0.02 0.156661
0.243339 0.02 0.156173
0.264154 0.02 0.155605
0.285302 0.02 0.15495
0.306857 0.02 0.154099
0.329068 0.02 0.152891
0.351916 0.02 0.151178
0.375662 0.02 0.149094
0.400572 0.02 0.1465
0.426588 0.02 0.143453
0.454803 0.02 0.13927
0.483623 0.02 0.134775
0.518292 0.02 0.127724
0.551586 0.02 0.120842
0.590602 0.02 0.112449
0.0202848 0.02 0.151724
0.036075 0.02 0.156028
0.0579655 0.02 0.16112
0.0792765 0.02 0.163088
0.100156 0.02 0.16372
0.12093 0.02 0.163847
0.142463 0.02 0.162069
0.162353 0.02 0.159853
0.181956 0.02 0.158941
0.202353 0.02 0.158978
0.222771 0.02 0.158733
0.243324 0.02 0.158245
0.264135 0.02 0.157671
0.28527 0.02 0.157003
0.306826 0.02 0.156143
0.329019 0.02 0.154928
0.351858 0.02 0.153218
0.375594 0.02 0.151134
0.400476 0.02 0.148554
0.426489 0.02 0.145516
0.45461 0.02 0.141372
0.483486 0.02 0.13683
0.517947 0.02 0.129794
0.552351 0.02 0.122216
0.591376 0.02 0.113108
0.0203066 0.02 0.153222
0.0346873 0.02 0.158171
0.0577656 0.02 0.165468
0.0792353 0.02 0.167497
0.100135 0.02 0.168106
0.120786 0.02 0.168436
0.142364 0.02 0.167358
